5,2,106,58,0.0,0.25
12,5,96,94,0.0,0.5
5,2,106,60,0.25,0.25
5,2,106,63,0.5,0.25
5,2,106,60,0.75,0.25
12,5,96,96,1.0,0.5
5,2,106,58,1.25,0.25
5,2,106,63,1.5,0.25
5,2,106,67,1.75,0.25
5,2,106,70,2.0,0.25
12,5,96,99,2.0,0.5
5,2,106,70,2.25,0.25
5,2,106,70,2.5,0.25
5,2,106,70,2.75,0.5
12,5,96,103,3.0,0.5
5,2,106,72,3.25,0.125
5,2,106,70,3.375,0.125
5,2,106,67,3.5,0.25
5,2,106,63,3.75,0.25
5,2,106,67,4.0,0.25
6,10,9,44,4.0,0.125
6,10,9,35,4.0,0.125
12,5,96,106,4.0,0.5
6,10,9,44,4.125,0.125
5,2,106,65,4.25,0.125
6,10,9,44,4.25,0.125
6,10,9,35,4.25,0.125
5,2,106,65,4.375,0.125
6,10,9,44,4.375,0.125
5,2,106,63,4.5,0.25
6,10,9,55,4.5,0.25
6,10,9,44,4.5,0.25
6,10,9,38,4.5,0.125
5,2,106,60,4.75,0.25
6,10,9,44,4.75,0.125
6,10,9,35,4.75,0.125
6,10,9,55,4.875,0.25
6,10,9,44,4.875,0.25
6,10,9,38,4.875,0.125
5,2,106,65,5.0,0.25
6,10,9,55,5.125,0.25
6,10,9,44,5.125,0.25
6,10,9,38,5.125,0.125
5,2,106,63,5.25,0.125
6,10,9,35,5.25,0.125
5,2,106,63,5.375,0.125
6,10,9,44,5.375,0.125
5,2,106,60,5.5,0.25
6,10,9,55,5.5,0.25
6,10,9,44,5.5,0.25
6,10,9,38,5.5,0.125
5,2,106,58,5.75,0.25
6,10,9,44,5.75,0.125
6,10,9,35,5.75,0.125
6,10,9,38,5.75,0.125
6,10,9,44,5.875,0.125
4,1,35,41,6.0,0.25
5,2,106,63,6.0,0.25
6,10,9,69,6.0,0.25
6,10,9,49,6.0,0.5
6,10,9,35,6.0,0.125
7,4,48,75,6.0,0.25
4,1,35,29,6.25,0.25
5,2,106,62,6.25,0.25
6,10,9,69,6.25,0.25
6,10,9,46,6.25,0.25
6,10,9,55,6.25,0.25
7,4,48,74,6.25,0.25
4,1,35,29,6.5,0.25
5,2,106,58,6.5,0.25
6,10,9,49,6.5,0.25
6,10,9,69,6.5,0.25
6,10,9,38,6.5,0.125
6,10,9,35,6.5,0.125
7,4,48,70,6.5,0.25
4,1,35,31,6.75,0.25
5,2,106,58,6.75,0.5
6,10,9,69,6.75,0.25
6,10,9,46,6.75,0.25
7,4,48,70,6.75,0.5
6,10,9,55,6.7656,0.25
4,1,35,31,7.0,0.25
6,10,9,69,7.0,0.25
6,10,9,35,7.0104,0.125
4,1,35,38,7.25,0.25
5,2,106,63,7.25,0.5
6,10,9,69,7.25,0.25
6,10,9,46,7.25,0.25
6,10,9,55,7.25,0.25
7,4,48,75,7.25,0.5
6,10,9,49,7.5,0.25
6,10,9,69,7.5,0.25
6,10,9,38,7.5,0.125
6,10,9,35,7.5,0.125
4,1,35,32,7.75,0.25
5,2,106,62,7.75,0.5
6,10,9,69,7.75,0.25
6,10,9,46,7.75,0.25
6,10,9,55,7.75,0.25
7,4,48,74,7.75,0.5
4,1,35,32,8.0,0.25
6,10,9,69,8.0,0.25
6,10,9,35,8.0,0.125
4,1,35,39,8.25,0.25
5,2,106,63,8.25,0.25
6,10,9,69,8.25,0.25
6,10,9,46,8.25,0.25
6,10,9,55,8.25,0.25
7,4,48,75,8.25,0.25
4,1,35,44,8.5,0.25
5,2,106,65,8.5,0.25
6,10,9,49,8.5,0.25
6,10,9,69,8.5,0.25
6,10,9,38,8.5,0.125
6,10,9,35,8.5,0.125
7,4,48,77,8.5,0.25
4,1,35,46,8.75,0.25
5,2,106,70,8.75,0.25
6,10,9,69,8.75,0.25
6,10,9,46,8.75,0.25
6,10,9,55,8.75,0.25
7,4,48,82,8.75,0.5
4,1,35,46,9.0,0.25
6,10,9,69,9.0,0.25
6,10,9,35,9.0,0.125
4,1,35,41,9.25,0.25
5,2,106,70,9.25,0.25
6,10,9,69,9.25,0.25
6,10,9,46,9.25,0.25
6,10,9,55,9.25,0.25
7,4,48,82,9.25,0.25
4,1,35,34,9.5,0.25
5,2,106,70,9.5,0.25
6,10,9,49,9.5,0.25
6,10,9,69,9.5,0.25
6,10,9,38,9.5,0.125
6,10,9,35,9.5,0.125
7,4,48,82,9.5,0.25
4,1,35,35,9.75,0.25
5,2,106,70,9.75,0.25
6,10,9,69,9.75,0.25
6,10,9,46,9.75,0.25
6,10,9,55,9.75,0.25
7,4,48,82,9.75,0.5
4,1,35,36,10.0,0.25
5,2,106,70,10.0,0.25
6,10,9,69,10.0,0.25
6,10,9,35,10.0,0.125
4,1,35,31,10.25,0.25
5,2,106,68,10.25,0.25
6,10,9,69,10.25,0.25
6,10,9,46,10.25,0.25
6,10,9,55,10.25,0.25
7,4,48,80,10.25,0.25
4,1,35,30,10.5,0.125
5,2,106,67,10.5,0.25
6,10,9,49,10.5,0.25
6,10,9,69,10.5,0.25
6,10,9,38,10.5,0.125
6,10,9,35,10.5,0.125
7,4,48,79,10.5,0.25
4,1,35,31,10.625,0.125
4,1,35,26,10.75,0.25
5,2,106,70,10.75,0.5
6,10,9,69,10.75,0.25
6,10,9,46,10.75,0.25
6,10,9,55,10.75,0.25
7,4,48,82,10.75,0.5
4,1,35,26,11.0,0.25
6,10,9,69,11.0,0.25
6,10,9,35,11.0,0.125
4,1,35,34,11.25,0.25
5,2,106,63,11.25,0.25
6,10,9,69,11.25,0.25
6,10,9,46,11.25,0.25
6,10,9,55,11.25,0.25
7,4,48,75,11.25,0.25
4,1,35,33,11.5,0.25
5,2,106,63,11.5,0.25
6,10,9,49,11.5,0.25
6,10,9,69,11.5,0.25
6,10,9,38,11.5,0.125
6,10,9,35,11.5,0.125
7,4,48,75,11.5,0.25
4,1,35,27,11.75,0.25
5,2,106,67,11.75,0.5
6,10,9,69,11.75,0.25
6,10,9,46,11.75,0.25
6,10,9,55,11.75,0.25
7,4,48,79,11.75,0.5
4,1,35,31,12.0,0.25
6,10,9,69,12.0,0.25
6,10,9,35,12.0,0.125
4,1,35,41,12.25,0.25
5,2,106,65,12.25,0.25
6,10,9,69,12.25,0.25
6,10,9,46,12.25,0.25
6,10,9,55,12.25,0.25
7,4,48,77,12.25,0.25
4,1,35,40,12.5,0.25
5,2,106,63,12.5,0.25
6,10,9,49,12.5,0.25
6,10,9,69,12.5,0.25
6,10,9,38,12.5,0.125
6,10,9,35,12.5,0.125
7,4,48,75,12.5,0.25
4,1,35,31,12.75,0.25
5,2,106,65,12.75,0.25
6,10,9,69,12.75,0.25
6,10,9,46,12.75,0.25
6,10,9,55,12.75,0.25
7,4,48,77,12.75,0.5
4,1,35,31,13.0,0.25
6,10,9,69,13.0,0.25
6,10,9,35,13.0,0.125
4,1,35,32,13.25,0.25
5,2,106,65,13.25,0.25
6,10,9,69,13.25,0.25
6,10,9,46,13.25,0.25
6,10,9,55,13.25,0.25
7,4,48,77,13.25,0.25
4,1,35,34,13.5,0.25
5,2,106,65,13.5,0.25
6,10,9,49,13.5,0.25
6,10,9,69,13.5,0.25
6,10,9,38,13.5,0.125
6,10,9,35,13.5,0.125
7,4,48,77,13.5,0.25
4,1,35,31,13.75,0.25
5,2,106,65,13.75,0.25
6,10,9,69,13.75,0.25
6,10,9,46,13.75,0.25
6,10,9,55,13.75,0.25
7,4,48,77,13.75,0.25
4,1,35,41,14.0,0.25
5,2,106,63,14.0,0.25
6,10,9,69,14.0,0.25
6,10,9,35,14.0,0.125
7,4,48,75,14.0,0.25
4,1,35,29,14.25,0.25
5,2,106,62,14.25,0.25
6,10,9,69,14.25,0.25
6,10,9,46,14.25,0.25
6,10,9,35,14.25,0.125
6,10,9,55,14.25,0.25
7,4,48,74,14.25,0.25
4,1,35,31,14.5,0.125
5,2,106,58,14.5,0.25
6,10,9,49,14.5,0.25
6,10,9,69,14.5,0.25
6,10,9,38,14.5,0.125
6,10,9,35,14.5,0.125
7,4,48,70,14.5,0.25
4,1,35,34,14.625,0.125
4,1,35,31,14.75,0.25
5,2,106,58,14.75,0.5
6,10,9,69,14.75,0.25
6,10,9,46,14.75,0.25
6,10,9,55,14.75,0.25
7,4,48,70,14.75,0.5
4,1,35,31,15.0,0.25
6,10,9,69,15.0,0.25
6,10,9,35,15.0,0.125
4,1,35,38,15.25,0.25
5,2,106,63,15.25,0.25
6,10,9,69,15.25,0.25
6,10,9,46,15.25,0.25
6,10,9,55,15.25,0.25
7,4,48,75,15.25,0.5
4,1,35,31,15.5,0.25
6,10,9,49,15.5,0.25
6,10,9,69,15.5,0.25
6,10,9,38,15.5,0.125
6,10,9,35,15.5,0.125
4,1,35,32,15.75,0.25
5,2,106,62,15.75,0.5
6,10,9,69,15.75,0.25
6,10,9,46,15.75,0.25
6,10,9,55,15.75,0.25
7,4,48,74,15.75,0.5
4,1,35,32,16.0,0.25
6,10,9,69,16.0,0.25
6,10,9,35,16.0,0.125
4,1,35,39,16.25,0.25
5,2,106,63,16.25,0.25
6,10,9,69,16.25,0.25
6,10,9,46,16.25,0.25
6,10,9,55,16.25,0.25
7,4,48,75,16.25,0.25
4,1,35,44,16.5,0.25
5,2,106,65,16.5,0.25
6,10,9,49,16.5,0.25
6,10,9,69,16.5,0.25
6,10,9,38,16.5,0.125
6,10,9,35,16.5,0.125
7,4,48,77,16.5,0.25
4,1,35,46,16.75,0.25
5,2,106,70,16.75,0.25
6,10,9,69,16.75,0.25
6,10,9,46,16.75,0.25
6,10,9,55,16.75,0.25
7,4,48,82,16.75,0.5
4,1,35,46,17.0,0.25
6,10,9,69,17.0,0.25
6,10,9,35,17.0,0.125
4,1,35,41,17.25,0.25
5,2,106,70,17.25,0.25
6,10,9,69,17.25,0.25
6,10,9,46,17.25,0.25
6,10,9,55,17.25,0.25
7,4,48,82,17.25,0.25
4,1,35,34,17.5,0.25
5,2,106,70,17.5,0.25
6,10,9,49,17.5,0.25
6,10,9,69,17.5,0.25
6,10,9,38,17.5,0.125
6,10,9,35,17.5,0.125
7,4,48,82,17.5,0.25
4,1,35,36,17.75,0.25
5,2,106,70,17.75,0.25
6,10,9,69,17.75,0.25
6,10,9,46,17.75,0.25
6,10,9,55,17.75,0.25
7,4,48,82,17.75,0.25
4,1,35,36,18.0,0.25
5,2,106,70,18.0,0.25
6,10,9,69,18.0,0.25
6,10,9,35,18.0,0.125
7,4,48,82,18.0,0.25
4,1,35,31,18.25,0.25
5,2,106,68,18.25,0.25
6,10,9,69,18.25,0.25
6,10,9,46,18.25,0.25
6,10,9,55,18.25,0.25
7,4,48,80,18.25,0.25
4,1,35,30,18.5,0.125
5,2,106,67,18.5,0.25
6,10,9,49,18.5,0.25
6,10,9,69,18.5,0.25
6,10,9,38,18.5,0.125
6,10,9,35,18.5,0.125
7,4,48,79,18.5,0.25
4,1,35,31,18.625,0.125
4,1,35,27,18.75,0.25
5,2,106,70,18.75,0.25
6,10,9,69,18.75,0.25
6,10,9,46,18.75,0.25
6,10,9,55,18.75,0.25
7,4,48,82,18.75,0.5
4,1,35,27,19.0,0.25
6,10,9,69,19.0,0.25
6,10,9,35,19.0,0.125
4,1,35,34,19.25,0.25
5,2,106,63,19.25,0.25
6,10,9,69,19.25,0.25
6,10,9,46,19.25,0.25
6,10,9,55,19.25,0.25
7,4,48,75,19.25,0.25
4,1,35,26,19.5,0.25
5,2,106,63,19.5,0.25
6,10,9,49,19.5,0.25
6,10,9,69,19.5,0.25
6,10,9,38,19.5,0.125
6,10,9,35,19.5,0.125
7,4,48,75,19.5,0.25
4,1,35,27,19.75,0.25
5,2,106,67,19.75,0.5
6,10,9,69,19.75,0.25
6,10,9,46,19.75,0.25
6,10,9,55,19.75,0.25
7,4,48,79,19.75,0.25
4,1,35,27,20.0,0.25
6,10,9,69,20.0,0.25
6,10,9,35,20.0,0.125
7,4,48,79,20.0,0.25
4,1,35,41,20.25,0.25
5,2,106,65,20.25,0.25
6,10,9,55,20.25,0.25
6,10,9,38,20.25,0.125
6,10,9,35,20.25,0.125
6,10,9,46,20.25,0.25
6,10,9,69,20.25,0.25
7,4,48,77,20.25,0.25
4,1,35,39,20.5,0.25
5,2,106,65,20.5,0.25
6,10,9,35,20.5,0.125
6,10,9,69,20.5,0.25
6,10,9,49,20.5,0.25
7,4,48,77,20.5,0.25
4,1,35,36,20.75,0.25
5,2,106,64,20.75,0.75
6,10,9,69,20.75,0.25
6,10,9,46,20.75,0.25
6,10,9,35,20.75,0.125
6,10,9,38,20.75,0.125
6,10,9,55,20.75,0.25
7,4,48,76,20.75,1.25
4,1,35,36,21.0,0.125
6,10,9,69,21.0,0.25
6,10,9,35,21.0,0.125
4,1,35,31,21.25,0.125
6,10,9,55,21.25,0.25
6,10,9,38,21.25,0.125
6,10,9,35,21.25,0.125
6,10,9,46,21.25,0.25
6,10,9,69,21.25,0.25
6,10,9,35,21.5,0.125
6,10,9,38,21.5,0.125
6,10,9,69,21.5,0.25
6,10,9,49,21.5,0.25
6,10,9,35,21.625,0.125
6,10,9,38,21.625,0.125
6,10,9,69,21.75,0.25
6,10,9,46,21.75,0.25
6,10,9,38,21.75,0.125
6,10,9,35,21.75,0.125
6,10,9,55,21.75,0.25
6,10,9,35,21.875,0.125
6,10,9,38,21.875,0.125
4,1,35,25,22.0,0.25
6,10,9,52,22.0,0.5
6,10,9,35,22.0,0.125
13,6,2,65,22.0,0.25
4,1,35,37,22.25,0.25
6,10,9,44,22.25,0.25
6,10,9,49,22.25,0.25
8,3,73,72,22.25,0.25
9,9,48,72,22.25,0.25
14,11,85,60,22.25,0.25
6,10,9,38,22.5,0.125
6,10,9,35,22.5,0.125
8,3,73,75,22.5,0.25
9,9,48,75,22.5,0.25
14,11,85,63,22.5,0.25
4,1,35,27,22.75,0.25
6,10,9,44,22.75,0.25
6,10,9,49,22.75,0.25
8,3,73,77,22.75,0.25
9,9,48,77,22.75,0.25
13,6,2,65,22.75,0.25
14,11,85,65,22.75,0.25
4,1,35,27,23.0,0.25
6,10,9,35,23.0,0.125
4,1,35,39,23.25,0.25
6,10,9,44,23.25,0.25
6,10,9,49,23.25,0.25
8,3,73,72,23.25,0.25
9,9,48,72,23.25,0.25
13,6,2,63,23.25,0.25
14,11,85,60,23.25,0.25
6,10,9,35,23.5,0.125
6,10,9,38,23.5,0.125
8,3,73,75,23.5,0.25
9,9,48,75,23.5,0.25
14,11,85,63,23.5,0.25
4,1,35,29,23.75,0.25
6,10,9,49,23.75,0.125
6,10,9,44,23.75,0.125
8,3,73,77,23.75,0.25
9,9,48,77,23.75,0.25
13,6,2,67,23.75,0.5
14,11,85,65,23.75,0.25
6,10,9,44,23.875,0.125
6,10,9,49,23.875,0.125
4,1,35,29,24.0,0.25
6,10,9,35,24.0,0.125
4,1,35,36,24.25,0.25
6,10,9,44,24.25,0.25
6,10,9,49,24.25,0.25
8,3,73,72,24.25,0.25
9,9,48,72,24.25,0.25
13,6,2,68,24.25,0.25
14,11,85,60,24.25,0.25
4,1,35,43,24.5,0.25
6,10,9,35,24.5,0.125
6,10,9,38,24.5,0.125
8,3,73,75,24.5,0.25
9,9,48,75,24.5,0.25
13,6,2,67,24.5,0.25
14,11,85,63,24.5,0.25
4,1,35,41,24.75,0.25
6,10,9,44,24.75,0.25
6,10,9,49,24.75,0.25
8,3,73,77,24.75,0.25
9,9,48,77,24.75,0.25
13,6,2,63,24.75,0.25
14,11,85,65,24.75,0.25
4,1,35,37,25.0,0.25
6,10,9,35,25.0,0.125
8,3,73,80,25.0,0.25
9,9,48,80,25.0,0.25
13,6,2,68,25.0,0.5
14,11,85,68,25.0,0.25
4,1,35,32,25.25,0.25
6,10,9,44,25.25,0.25
6,10,9,49,25.25,0.25
8,3,73,79,25.25,0.25
9,9,48,79,25.25,0.25
14,11,85,67,25.25,0.25
4,1,35,32,25.5,0.25
6,10,9,38,25.5,0.125
6,10,9,35,25.5,0.125
8,3,73,75,25.5,0.25
9,9,48,75,25.5,0.25
13,6,2,67,25.5,0.25
14,11,85,63,25.5,0.25
4,1,35,37,25.75,0.25
6,10,9,44,25.75,0.25
6,10,9,49,25.75,0.25
8,3,73,72,25.75,0.25
9,9,48,72,25.75,0.25
13,6,2,63,25.75,0.25
14,11,85,60,25.75,0.25
4,1,35,34,26.0,0.25
6,10,9,35,26.0,0.125
8,3,73,70,26.0,0.5
9,9,48,70,26.0,0.5
13,6,2,61,26.0,2.0
14,11,85,58,26.0,0.5
4,1,35,25,26.25,0.25
6,10,9,44,26.25,0.25
6,10,9,49,26.25,0.25
6,10,9,38,26.5,0.125
6,10,9,35,26.5,0.125
8,3,73,68,26.5,0.25
9,9,48,68,26.5,0.25
14,11,85,56,26.5,0.25
4,1,35,36,26.75,0.25
6,10,9,44,26.75,0.25
6,10,9,49,26.75,0.25
8,3,73,70,26.75,2.0
9,9,48,70,26.75,2.0
14,11,85,58,26.75,2.0
4,1,35,36,27.0,0.25
6,10,9,35,27.0,0.125
4,1,35,39,27.25,0.25
5,2,106,67,27.25,0.125
6,10,9,44,27.25,0.25
6,10,9,49,27.25,0.25
5,2,106,67,27.375,0.125
5,2,106,68,27.5,0.125
6,10,9,35,27.5,0.125
6,10,9,38,27.5,0.125
5,2,106,67,27.625,0.125
4,1,35,37,27.75,0.25
5,2,106,63,27.75,0.125
6,10,9,49,27.75,0.125
6,10,9,44,27.75,0.125
6,10,9,44,27.875,0.125
6,10,9,49,27.875,0.125
4,1,35,37,28.0,0.25
5,2,106,67,28.0,0.125
6,10,9,35,28.0,0.125
5,2,106,67,28.125,0.125
4,1,35,32,28.25,0.25
5,2,106,68,28.25,0.125
6,10,9,44,28.25,0.25
6,10,9,49,28.25,0.25
5,2,106,67,28.375,0.125
4,1,35,29,28.5,0.25
5,2,106,63,28.5,0.25
6,10,9,35,28.5,0.125
6,10,9,38,28.5,0.125
4,1,35,37,28.75,0.25
5,2,106,58,28.75,0.25
6,10,9,44,28.75,0.25
6,10,9,49,28.75,0.25
4,1,35,39,29.0,0.25
5,2,106,55,29.0,0.25
6,10,9,35,29.0,0.125
4,1,35,34,29.25,0.25
5,2,106,58,29.25,0.25
6,10,9,44,29.25,0.25
6,10,9,49,29.25,0.25
4,1,35,27,29.5,0.5
5,2,106,63,29.5,0.25
6,10,9,35,29.5,0.125
6,10,9,38,29.5,0.125
5,2,106,67,29.75,0.25
6,10,9,44,29.75,0.25
6,10,9,49,29.75,0.25
4,1,35,25,30.0,0.25
6,10,9,35,30.0,0.125
13,6,2,65,30.0,0.25
4,1,35,37,30.25,0.25
6,10,9,44,30.25,0.25
6,10,9,49,30.25,0.25
8,3,73,72,30.25,0.25
9,9,48,72,30.25,0.25
14,11,85,60,30.25,0.25
6,10,9,38,30.5,0.125
6,10,9,35,30.5,0.125
8,3,73,75,30.5,0.25
9,9,48,75,30.5,0.25
14,11,85,63,30.5,0.25
4,1,35,27,30.75,0.25
6,10,9,44,30.75,0.25
6,10,9,49,30.75,0.25
8,3,73,77,30.75,0.25
9,9,48,77,30.75,0.25
13,6,2,65,30.75,0.5
14,11,85,65,30.75,0.25
4,1,35,27,31.0,0.25
6,10,9,35,31.0,0.125
4,1,35,39,31.25,0.25
6,10,9,44,31.25,0.25
6,10,9,49,31.25,0.25
8,3,73,72,31.25,0.25
9,9,48,72,31.25,0.25
13,6,2,63,31.25,0.25
14,11,85,60,31.25,0.25
6,10,9,35,31.5,0.125
6,10,9,38,31.5,0.125
8,3,73,75,31.5,0.25
9,9,48,75,31.5,0.25
14,11,85,63,31.5,0.25
4,1,35,29,31.75,0.25
6,10,9,49,31.75,0.125
6,10,9,44,31.75,0.125
8,3,73,77,31.75,0.25
9,9,48,77,31.75,0.25
13,6,2,67,31.75,0.5
14,11,85,65,31.75,0.25
6,10,9,44,31.875,0.125
6,10,9,49,31.875,0.125
4,1,35,29,32.0,0.25
6,10,9,35,32.0,0.125
4,1,35,36,32.25,0.25
6,10,9,44,32.25,0.25
6,10,9,49,32.25,0.25
8,3,73,72,32.25,0.25
9,9,48,72,32.25,0.25
13,6,2,68,32.25,0.25
14,11,85,60,32.25,0.25
4,1,35,43,32.5,0.25
6,10,9,35,32.5,0.125
6,10,9,38,32.5,0.125
8,3,73,75,32.5,0.25
9,9,48,75,32.5,0.25
13,6,2,67,32.5,0.25
14,11,85,63,32.5,0.25
4,1,35,41,32.75,0.25
6,10,9,44,32.75,0.25
6,10,9,49,32.75,0.25
8,3,73,77,32.75,0.25
9,9,48,77,32.75,0.25
13,6,2,63,32.75,0.25
14,11,85,65,32.75,0.25
4,1,35,37,33.0,0.25
6,10,9,35,33.0,0.125
8,3,73,80,33.0,0.25
9,9,48,80,33.0,0.25
14,11,85,68,33.0,0.25
4,1,35,32,33.25,0.25
6,10,9,44,33.25,0.25
6,10,9,49,33.25,0.25
8,3,73,77,33.25,0.25
9,9,48,77,33.25,0.25
13,6,2,68,33.25,0.25
14,11,85,65,33.25,0.25
4,1,35,29,33.5,0.25
6,10,9,38,33.5,0.125
6,10,9,35,33.5,0.125
8,3,73,80,33.5,0.25
9,9,48,80,33.5,0.25
14,11,85,68,33.5,0.25
4,1,35,37,33.75,0.25
6,10,9,44,33.75,0.25
6,10,9,49,33.75,0.25
8,3,73,84,33.75,0.25
9,9,48,84,33.75,0.25
13,6,2,65,33.75,0.25
14,11,85,72,33.75,0.25
4,1,35,36,34.0,0.25
6,10,9,35,34.0,0.125
8,3,73,82,34.0,0.5
9,9,48,82,34.0,0.5
13,6,2,67,34.0,1.0
14,11,85,70,34.0,0.5
4,1,35,31,34.25,0.25
6,10,9,44,34.25,0.25
6,10,9,49,34.25,0.25
4,1,35,32,34.5,0.25
6,10,9,35,34.5,0.125
6,10,9,38,34.5,0.125
8,3,73,75,34.5,0.25
9,9,48,75,34.5,0.25
14,11,85,63,34.5,0.25
4,1,35,35,34.75,0.25
5,2,106,67,34.75,0.125
6,10,9,44,34.75,0.25
6,10,9,49,34.75,0.25
8,3,73,75,34.75,2.25
9,9,48,75,34.75,2.25
14,11,85,63,34.75,2.25
5,2,106,67,34.875,0.125
4,1,35,35,35.0,0.25
5,2,106,68,35.0,0.125
6,10,9,35,35.0,0.125
5,2,106,67,35.125,0.125
4,1,35,31,35.25,0.25
5,2,106,63,35.25,0.125
6,10,9,44,35.25,0.25
6,10,9,49,35.25,0.25
4,1,35,34,35.5,0.25
5,2,106,68,35.5,0.125
6,10,9,35,35.5,0.125
6,10,9,38,35.5,0.125
5,2,106,67,35.625,0.125
4,1,35,41,35.75,0.25
5,2,106,61,35.75,0.25
6,10,9,49,35.75,0.125
6,10,9,44,35.75,0.125
6,10,9,44,35.875,0.125
6,10,9,49,35.875,0.125
4,1,35,34,36.0,0.25
5,2,106,56,36.0,0.25
6,10,9,35,36.0,0.125
4,1,35,29,36.25,0.25
5,2,106,53,36.25,0.25
6,10,9,44,36.25,0.25
6,10,9,49,36.25,0.25
4,1,35,34,36.5,0.25
5,2,106,56,36.5,0.25
6,10,9,38,36.5,0.125
6,10,9,35,36.5,0.125
4,1,35,41,36.75,0.25
5,2,106,58,36.75,0.25
6,10,9,44,36.75,0.25
6,10,9,49,36.75,0.25
4,1,35,33,37.0,0.25
5,2,106,61,37.0,0.25
6,10,9,35,37.0,0.125
4,1,35,27,37.25,0.25
5,2,106,57,37.25,0.25
6,10,9,44,37.25,0.25
6,10,9,49,37.25,0.25
4,1,35,33,37.5,0.5
6,10,9,38,37.5,0.125
6,10,9,35,37.5,0.125
8,3,73,75,37.5,0.25
9,9,48,75,37.5,0.25
10,8,68,72,37.5,0.25
11,7,74,72,37.5,0.25
14,11,85,63,37.5,0.25
6,10,9,44,37.75,0.25
6,10,9,49,37.75,0.25
8,3,73,77,37.75,0.25
9,9,48,77,37.75,0.25
10,8,68,74,37.75,0.25
11,7,74,74,37.75,0.25
14,11,85,65,37.75,0.25
4,1,35,32,38.0,0.5
5,2,106,63,38.0,0.25
6,10,9,35,38.0,0.125
6,10,9,52,38.0,0.5
8,3,73,79,38.0,0.5
9,9,48,79,38.0,0.5
10,8,68,75,38.0,0.5
11,7,74,75,38.0,0.5
14,11,85,67,38.0,0.5
5,2,106,63,38.25,0.25
6,10,9,44,38.25,0.25
6,10,9,49,38.25,0.25
4,1,35,27,38.5,0.25
5,2,106,65,38.5,0.25
6,10,9,35,38.5,0.125
6,10,9,38,38.5,0.125
8,3,73,80,38.5,0.25
9,9,48,80,38.5,0.25
10,8,68,77,38.5,0.25
11,7,74,77,38.5,0.25
14,11,85,68,38.5,0.25
4,1,35,32,38.75,0.25
5,2,106,67,38.75,0.25
6,10,9,44,38.75,0.25
6,10,9,49,38.75,0.25
8,3,73,79,38.75,0.5
9,9,48,79,38.75,0.5
10,8,68,75,38.75,0.5
11,7,74,75,38.75,0.5
14,11,85,67,38.75,0.5
4,1,35,32,39.0,0.25
6,10,9,35,39.0,0.125
4,1,35,39,39.25,0.25
5,2,106,68,39.25,0.25
6,10,9,44,39.25,0.25
6,10,9,49,39.25,0.25
8,3,73,80,39.25,0.5
9,9,48,80,39.25,0.5
10,8,68,77,39.25,0.5
11,7,74,77,39.25,0.5
14,11,85,68,39.25,0.5
4,1,35,39,39.5,0.25
6,10,9,35,39.5,0.125
6,10,9,38,39.5,0.125
4,1,35,32,39.75,0.25
5,2,106,58,39.75,0.25
6,10,9,49,39.75,0.125
6,10,9,44,39.75,0.125
8,3,73,79,39.75,0.5
9,9,48,79,39.75,0.5
10,8,68,75,39.75,0.5
11,7,74,75,39.75,0.5
14,11,85,67,39.75,0.5
6,10,9,44,39.875,0.125
6,10,9,49,39.875,0.125
4,1,35,32,40.0,0.5
5,2,106,60,40.0,0.25
6,10,9,35,40.0,0.125
5,2,106,63,40.25,0.25
6,10,9,44,40.25,0.25
6,10,9,49,40.25,0.25
8,3,73,77,40.25,0.5
9,9,48,77,40.25,0.5
10,8,68,72,40.25,0.5
11,7,74,72,40.25,0.5
14,11,85,65,40.25,0.5
4,1,35,27,40.5,0.25
5,2,106,65,40.5,0.25
6,10,9,35,40.5,0.125
6,10,9,38,40.5,0.125
4,1,35,32,40.75,0.25
5,2,106,67,40.75,0.25
6,10,9,44,40.75,0.25
6,10,9,49,40.75,0.25
8,3,73,77,40.75,0.75
9,9,48,77,40.75,0.75
10,8,68,72,40.75,0.75
11,7,74,72,40.75,0.75
14,11,85,65,40.75,0.75
4,1,35,32,41.0,0.25
6,10,9,35,41.0,0.125
7,4,48,87,41.0,0.5
4,1,35,39,41.25,0.25
6,10,9,44,41.25,0.25
6,10,9,49,41.25,0.25
4,1,35,32,41.5,0.5
6,10,9,35,41.5,0.125
6,10,9,38,41.5,0.125
7,4,48,86,41.5,0.5
6,10,9,44,41.75,0.25
6,10,9,49,41.75,0.25
8,3,73,77,41.75,0.25
9,9,48,77,41.75,0.25
10,8,68,74,41.75,0.25
11,7,74,74,41.75,0.25
14,11,85,65,41.75,0.25
4,1,35,31,42.0,0.5
5,2,106,58,42.0,0.25
6,10,9,35,42.0,0.125
7,4,48,82,42.0,2.0
8,3,73,77,42.0,0.5
9,9,48,77,42.0,0.5
10,8,68,74,42.0,0.5
11,7,74,74,42.0,0.5
14,11,85,65,42.0,0.5
5,2,106,62,42.25,0.25
6,10,9,44,42.25,0.25
6,10,9,49,42.25,0.25
4,1,35,26,42.5,0.25
5,2,106,65,42.5,0.25
6,10,9,35,42.5,0.125
6,10,9,38,42.5,0.125
8,3,73,79,42.5,0.25
9,9,48,79,42.5,0.25
10,8,68,75,42.5,0.25
11,7,74,75,42.5,0.25
14,11,85,67,42.5,0.25
4,1,35,31,42.75,0.25
5,2,106,67,42.75,0.25
6,10,9,44,42.75,0.25
6,10,9,49,42.75,0.25
8,3,73,77,42.75,0.5
9,9,48,77,42.75,0.5
10,8,68,74,42.75,0.5
11,7,74,74,42.75,0.5
14,11,85,65,42.75,0.5
4,1,35,31,43.0,0.25
6,10,9,35,43.0,0.125
4,1,35,38,43.25,0.25
5,2,106,65,43.25,0.25
6,10,9,44,43.25,0.25
6,10,9,49,43.25,0.25
8,3,73,79,43.25,0.5
9,9,48,79,43.25,0.5
10,8,68,75,43.25,0.5
11,7,74,75,43.25,0.5
14,11,85,67,43.25,0.5
4,1,35,38,43.5,0.25
6,10,9,35,43.5,0.125
6,10,9,38,43.5,0.125
4,1,35,31,43.75,0.25
5,2,106,67,43.75,0.25
6,10,9,49,43.75,0.125
6,10,9,44,43.75,0.125
8,3,73,77,43.75,0.5
9,9,48,77,43.75,0.5
10,8,68,74,43.75,0.5
11,7,74,74,43.75,0.5
14,11,85,65,43.75,0.5
6,10,9,44,43.875,0.125
6,10,9,49,43.875,0.125
4,1,35,30,44.0,0.5
5,2,106,58,44.0,0.25
6,10,9,35,44.0,0.125
5,2,106,58,44.25,0.25
6,10,9,44,44.25,0.25
6,10,9,49,44.25,0.25
8,3,73,75,44.25,0.5
9,9,48,75,44.25,0.5
10,8,68,70,44.25,0.5
11,7,74,70,44.25,0.5
14,11,85,63,44.25,0.5
4,1,35,37,44.5,0.25
5,2,106,65,44.5,0.25
6,10,9,35,44.5,0.125
6,10,9,38,44.5,0.125
7,4,48,75,44.5,0.5
4,1,35,44,44.75,0.25
5,2,106,66,44.75,0.25
6,10,9,44,44.75,0.25
6,10,9,49,44.75,0.25
8,3,73,75,44.75,0.5
9,9,48,75,44.75,0.5
10,8,68,70,44.75,0.5
11,7,74,70,44.75,0.5
14,11,85,63,44.75,0.5
4,1,35,44,45.0,0.25
6,10,9,35,45.0,0.125
7,4,48,87,45.0,0.5
4,1,35,42,45.25,0.25
6,10,9,44,45.25,0.25
6,10,9,49,45.25,0.25
4,1,35,37,45.5,0.25
6,10,9,35,45.5,0.125
6,10,9,38,45.5,0.125
7,4,48,82,45.5,0.5
8,3,73,72,45.5,0.25
9,9,48,72,45.5,0.25
14,11,85,60,45.5,0.25
4,1,35,30,45.75,0.25
6,10,9,35,45.75,0.125
6,10,9,44,45.75,0.25
6,10,9,49,45.75,0.25
8,3,73,74,45.75,0.25
9,9,48,74,45.75,0.25
14,11,85,62,45.75,0.25
4,1,35,29,46.0,0.5
5,2,106,60,46.0,0.25
6,10,9,35,46.0,0.125
7,4,48,75,46.0,2.0
8,3,73,75,46.0,0.5
9,9,48,75,46.0,0.5
14,11,85,63,46.0,0.5
5,2,106,63,46.25,0.25
6,10,9,44,46.25,0.25
6,10,9,49,46.25,0.25
4,1,35,36,46.5,0.25
5,2,106,65,46.5,0.25
6,10,9,38,46.5,0.125
8,3,73,77,46.5,0.25
9,9,48,77,46.5,0.25
14,11,85,65,46.5,0.25
4,1,35,39,46.75,0.25
5,2,106,67,46.75,0.25
6,10,9,35,46.75,0.125
6,10,9,55,46.75,0.125
6,10,9,44,46.75,0.25
6,10,9,49,46.75,0.25
8,3,73,79,46.75,0.5
9,9,48,79,46.75,0.5
14,11,85,67,46.75,0.5
4,1,35,37,47.25,0.25
5,2,106,68,47.25,0.25
6,10,9,44,47.25,0.25
6,10,9,55,47.25,0.125
6,10,9,35,47.25,0.125
6,10,9,49,47.25,0.25
8,3,73,80,47.25,0.5
9,9,48,80,47.25,0.5
14,11,85,68,47.25,0.5
4,1,35,36,47.75,0.25
5,2,106,70,47.75,0.25
6,10,9,55,47.75,0.125
6,10,9,44,47.75,0.25
6,10,9,35,47.75,0.125
6,10,9,49,47.75,0.25
8,3,73,82,47.75,0.5
9,9,48,82,47.75,0.5
14,11,85,70,47.75,0.5
4,1,35,31,48.25,0.25
5,2,106,63,48.25,0.25
6,10,9,35,48.25,0.125
8,3,73,75,48.25,0.5
9,9,48,75,48.25,0.5
14,11,85,63,48.25,0.5
6,10,9,35,48.5,0.125
4,1,35,24,48.75,0.5
5,2,106,63,48.75,0.5
6,10,9,55,48.75,0.125
6,10,9,35,48.75,0.125
8,3,73,75,48.75,0.5
9,9,48,75,48.75,0.5
14,11,85,63,48.75,0.5
4,1,35,31,49.25,0.25
5,2,106,60,49.25,0.25
6,10,9,35,49.25,0.125
8,3,73,72,49.25,0.25
9,9,48,72,49.25,0.25
14,11,85,60,49.25,0.25
4,1,35,36,49.5,0.25
5,2,106,63,49.5,0.25
6,10,9,35,49.5,0.125
6,10,9,55,49.5,0.125
8,3,73,75,49.5,0.25
9,9,48,75,49.5,0.25
14,11,85,63,49.5,0.25
4,1,35,24,49.75,0.25
5,2,106,65,49.75,0.25
6,10,9,35,49.75,0.125
8,3,73,77,49.75,2.5
9,9,48,77,49.75,2.5
14,11,85,65,49.75,2.5
4,1,35,34,50.0,0.25
5,2,106,60,50.0,0.25
6,10,9,35,50.0,0.125
6,10,9,52,50.0,0.5
4,1,35,29,50.25,0.25
5,2,106,63,50.25,0.25
4,1,35,41,50.5,0.25
5,2,106,65,50.5,0.25
6,10,9,35,50.5,0.125
4,1,35,34,50.75,0.5
5,2,106,67,50.75,0.25
6,10,9,35,51.0,0.125
4,1,35,29,51.25,0.25
5,2,106,68,51.25,0.25
4,1,35,41,51.5,0.25
6,10,9,35,51.5,0.125
4,1,35,34,51.75,0.5
5,2,106,70,51.75,0.5
6,10,9,35,52.0,0.125
4,1,35,29,52.25,0.25
5,2,106,70,52.25,0.25
4,1,35,34,52.5,0.25
5,2,106,70,52.5,0.25
6,10,9,35,52.5,0.125
4,1,35,29,52.75,0.25
5,2,106,70,52.75,0.25
6,10,9,35,52.75,0.125
6,10,9,35,52.875,0.125
5,2,106,70,53.0,0.25
6,10,9,35,53.0,0.125
5,2,106,63,53.25,0.25
6,10,9,35,53.25,0.125
6,10,9,49,53.25,0.125
4,1,35,32,54.0,0.75
5,2,106,60,54.0,0.25
6,10,9,44,54.0,0.125
6,10,9,35,54.0,0.125
6,10,9,37,54.0,0.25
8,3,73,79,54.0,0.5
9,9,48,79,54.0,0.5
12,5,96,91,54.0,2.0
14,11,85,67,54.0,0.5
5,2,106,67,54.5,0.25
6,10,9,44,54.5,0.125
6,10,9,37,54.5,0.25
8,3,73,77,54.5,0.25
9,9,48,77,54.5,0.25
14,11,85,65,54.5,0.25
4,1,35,27,54.75,0.25
6,10,9,35,54.75,0.125
8,3,73,75,54.75,0.25
9,9,48,75,54.75,0.25
14,11,85,63,54.75,0.25
4,1,35,34,55.0,0.5
5,2,106,67,55.0,0.25
6,10,9,44,55.0,0.125
6,10,9,35,55.0,0.125
6,10,9,37,55.0,0.25
8,3,73,77,55.0,0.5
9,9,48,77,55.0,0.5
14,11,85,65,55.0,0.5
4,1,35,32,55.5,0.5
5,2,106,65,55.5,0.25
6,10,9,46,55.5,0.125
6,10,9,38,55.5,0.125
6,10,9,44,55.5,0.125
6,10,9,35,55.5,0.125
6,10,9,37,55.5,0.25
8,3,73,79,55.5,0.5
9,9,48,79,55.5,0.5
14,11,85,67,55.5,0.5
4,1,35,31,56.0,0.5
5,2,106,58,56.0,0.25
6,10,9,44,56.0,0.125
6,10,9,35,56.0,0.125
6,10,9,37,56.0,0.25
8,3,73,77,56.0,0.25
9,9,48,77,56.0,0.25
12,5,96,89,56.0,2.0
14,11,85,65,56.0,0.25
8,3,73,79,56.25,0.25
9,9,48,79,56.25,0.25
14,11,85,67,56.25,0.25
5,2,106,65,56.5,0.25
6,10,9,44,56.5,0.125
6,10,9,37,56.5,0.25
8,3,73,77,56.5,0.25
9,9,48,77,56.5,0.25
14,11,85,65,56.5,0.25
4,1,35,38,56.75,0.25
6,10,9,35,56.75,0.125
8,3,73,75,56.75,0.25
9,9,48,75,56.75,0.25
14,11,85,63,56.75,0.25
5,2,106,65,57.0,0.25
6,10,9,35,57.0,0.125
6,10,9,44,57.0,0.125
6,10,9,37,57.0,0.25
8,3,73,70,57.0,0.5
9,9,48,70,57.0,0.5
14,11,85,58,57.0,0.5
4,1,35,38,57.25,0.25
4,1,35,31,57.5,0.25
5,2,106,63,57.5,0.25
6,10,9,46,57.5,0.125
6,10,9,38,57.5,0.125
6,10,9,44,57.5,0.125
6,10,9,35,57.5,0.125
6,10,9,37,57.5,0.25
8,3,73,70,57.75,0.25
9,9,48,70,57.75,0.25
14,11,85,58,57.75,0.25
4,1,35,29,58.0,0.5
5,2,106,56,58.0,0.25
6,10,9,44,58.0,0.125
6,10,9,35,58.0,0.125
6,10,9,37,58.0,0.25
8,3,73,72,58.0,0.5
9,9,48,72,58.0,0.5
12,5,96,87,58.0,1.0
14,11,85,60,58.0,0.5
4,1,35,36,58.5,0.25
5,2,106,63,58.5,0.25
6,10,9,44,58.5,0.125
6,10,9,37,58.5,0.25
8,3,73,75,58.5,0.25
9,9,48,75,58.5,0.25
14,11,85,63,58.5,0.25
4,1,35,29,58.75,0.25
6,10,9,35,58.75,0.125
8,3,73,72,58.75,0.25
9,9,48,72,58.75,0.25
14,11,85,60,58.75,0.25
4,1,35,34,59.0,0.5
5,2,106,65,59.0,0.25
6,10,9,44,59.0,0.125
6,10,9,35,59.0,0.125
6,10,9,37,59.0,0.25
8,3,73,77,59.0,0.25
9,9,48,77,59.0,0.25
12,5,96,89,59.0,1.0
14,11,85,65,59.0,0.25
8,3,73,79,59.25,0.25
9,9,48,79,59.25,0.25
14,11,85,67,59.25,0.25
4,1,35,29,59.5,0.5
5,2,106,65,59.5,0.25
6,10,9,46,59.5,0.125
6,10,9,38,59.5,0.125
6,10,9,35,59.5,0.125
6,10,9,44,59.5,0.125
6,10,9,37,59.5,0.25
8,3,73,77,59.5,0.25
9,9,48,77,59.5,0.25
14,11,85,65,59.5,0.25
8,3,73,75,59.75,0.25
9,9,48,75,59.75,0.25
14,11,85,63,59.75,0.25
4,1,35,36,60.0,0.25
5,2,106,67,60.0,0.25
6,10,9,44,60.0,0.125
6,10,9,35,60.0,0.125
6,10,9,37,60.0,0.25
8,3,73,77,60.0,0.25
9,9,48,77,60.0,0.25
12,5,96,91,60.0,2.0
14,11,85,65,60.0,0.25
4,1,35,31,60.25,0.25
8,3,73,75,60.25,0.25
9,9,48,75,60.25,0.25
14,11,85,63,60.25,0.25
4,1,35,36,60.5,0.25
6,10,9,44,60.5,0.125
6,10,9,37,60.5,0.25
8,3,73,77,60.5,0.5
9,9,48,77,60.5,0.5
14,11,85,65,60.5,0.5
4,1,35,41,60.75,0.25
6,10,9,35,60.75,0.125
4,1,35,43,61.0,0.5
6,10,9,44,61.0,0.125
6,10,9,35,61.0,0.125
6,10,9,37,61.0,0.25
8,3,73,79,61.0,0.5
9,9,48,79,61.0,0.5
14,11,85,67,61.0,0.5
6,10,9,44,61.25,0.125
6,10,9,44,61.375,0.125
4,1,35,36,61.5,0.5
6,10,9,46,61.5,0.125
6,10,9,38,61.5,0.125
6,10,9,35,61.5,0.125
6,10,9,44,61.5,0.125
6,10,9,37,61.5,0.25
6,10,9,44,61.75,0.125
4,1,35,37,62.0,0.75
6,10,9,49,62.0,0.25
6,10,9,35,62.0,0.125
6,10,9,44,62.0,0.125
6,10,9,37,62.0,0.25
8,3,73,84,62.0,0.5
9,9,48,84,62.0,0.5
10,8,68,80,62.0,0.5
11,7,74,80,62.0,0.5
12,5,96,92,62.0,2.0
14,11,85,72,62.0,0.5
6,10,9,44,62.5,0.125
6,10,9,37,62.5,0.25
8,3,73,82,62.5,0.25
9,9,48,82,62.5,0.25
10,8,68,79,62.5,0.25
11,7,74,79,62.5,0.25
14,11,85,70,62.5,0.25
4,1,35,32,62.75,0.25
6,10,9,35,62.75,0.125
8,3,73,84,62.75,0.25
9,9,48,84,62.75,0.25
10,8,68,80,62.75,0.25
11,7,74,80,62.75,0.25
14,11,85,72,62.75,0.25
4,1,35,39,63.0,0.5
6,10,9,44,63.0,0.125
6,10,9,35,63.0,0.125
6,10,9,37,63.0,0.25
8,3,73,79,63.0,0.5
9,9,48,79,63.0,0.5
10,8,68,75,63.0,0.5
11,7,74,75,63.0,0.5
14,11,85,67,63.0,0.5
4,1,35,37,63.5,0.5
6,10,9,46,63.5,0.125
6,10,9,38,63.5,0.125
6,10,9,44,63.5,0.125
6,10,9,35,63.5,0.125
6,10,9,37,63.5,0.25
8,3,73,82,63.5,0.25
9,9,48,82,63.5,0.25
10,8,68,79,63.5,0.25
11,7,74,79,63.5,0.25
14,11,85,70,63.5,0.25
8,3,73,79,63.75,0.25
9,9,48,79,63.75,0.25
10,8,68,75,63.75,0.25
11,7,74,75,63.75,0.25
14,11,85,67,63.75,0.25
4,1,35,36,64.0,0.5
6,10,9,35,64.0,0.125
6,10,9,44,64.0,0.125
6,10,9,37,64.0,0.25
8,3,73,77,64.0,0.25
9,9,48,77,64.0,0.25
10,8,68,72,64.0,0.5
11,7,74,72,64.0,0.5
12,5,96,91,64.0,2.0
14,11,85,65,64.0,0.25
8,3,73,75,64.25,0.25
9,9,48,75,64.25,0.25
14,11,85,63,64.25,0.25
6,10,9,44,64.5,0.125
6,10,9,37,64.5,0.25
8,3,73,77,64.5,0.25
9,9,48,77,64.5,0.25
10,8,68,74,64.5,0.25
11,7,74,74,64.5,0.25
14,11,85,65,64.5,0.25
4,1,35,39,64.75,0.25
6,10,9,35,64.75,0.125
8,3,73,79,64.75,0.25
9,9,48,79,64.75,0.25
10,8,68,75,64.75,0.25
11,7,74,75,64.75,0.25
14,11,85,67,64.75,0.25
6,10,9,44,65.0,0.125
6,10,9,35,65.0,0.125
6,10,9,37,65.0,0.25
8,3,73,72,65.0,0.5
9,9,48,72,65.0,0.5
10,8,68,72,65.0,0.5
11,7,74,72,65.0,0.5
14,11,85,60,65.0,0.5
4,1,35,39,65.25,0.25
6,10,9,44,65.25,0.125
4,1,35,36,65.5,0.5
6,10,9,46,65.5,0.125
6,10,9,38,65.5,0.125
6,10,9,35,65.5,0.125
6,10,9,44,65.5,0.125
6,10,9,37,65.5,0.25
8,3,73,72,65.5,0.25
9,9,48,72,65.5,0.25
10,8,68,67,65.5,0.25
11,7,74,67,65.5,0.25
14,11,85,60,65.5,0.25
8,3,73,74,65.75,0.25
9,9,48,74,65.75,0.25
10,8,68,70,65.75,0.25
11,7,74,70,65.75,0.25
14,11,85,62,65.75,0.25
4,1,35,29,66.0,0.5
6,10,9,35,66.0,0.125
6,10,9,44,66.0,0.125
6,10,9,37,66.0,0.25
8,3,73,75,66.0,0.5
9,9,48,75,66.0,0.5
10,8,68,72,66.0,0.5
11,7,74,72,66.0,0.5
12,5,96,87,66.0,1.0
14,11,85,63,66.0,0.5
4,1,35,36,66.5,0.25
6,10,9,46,66.5,0.125
6,10,9,38,66.5,0.125
6,10,9,35,66.5,0.125
6,10,9,44,66.5,0.125
6,10,9,37,66.5,0.25
8,3,73,77,66.5,0.5
9,9,48,77,66.5,0.5
10,8,68,74,66.5,0.5
11,7,74,74,66.5,0.5
14,11,85,65,66.5,0.5
4,1,35,29,66.75,0.25
6,10,9,35,66.75,0.125
4,1,35,41,67.0,0.5
6,10,9,35,67.0,0.125
6,10,9,44,67.0,0.125
6,10,9,37,67.0,0.25
8,3,73,79,67.0,0.5
9,9,48,79,67.0,0.5
10,8,68,75,67.0,0.5
11,7,74,75,67.0,0.5
12,5,96,84,67.0,1.0
14,11,85,67,67.0,0.5
4,1,35,29,67.5,0.5
6,10,9,46,67.5,0.125
6,10,9,38,67.5,0.125
6,10,9,35,67.5,0.125
6,10,9,44,67.5,0.125
6,10,9,37,67.5,0.25
8,3,73,82,67.5,0.5
9,9,48,82,67.5,0.5
10,8,68,79,67.5,0.5
11,7,74,79,67.5,0.5
14,11,85,70,67.5,0.5
4,1,35,31,68.0,0.75
5,2,106,67,68.0,0.25
6,10,9,35,68.0,0.125
6,10,9,44,68.0,0.125
6,10,9,37,68.0,0.25
8,3,73,79,68.0,2.0
9,9,48,79,68.0,2.0
10,8,68,74,68.0,2.0
11,7,74,74,68.0,2.0
12,5,96,91,68.0,0.5
14,11,85,67,68.0,2.0
5,2,106,65,68.5,0.25
6,10,9,46,68.5,0.125
6,10,9,38,68.5,0.125
6,10,9,35,68.5,0.125
6,10,9,44,68.5,0.125
6,10,9,37,68.5,0.25
12,5,96,89,68.5,0.5
4,1,35,38,68.75,0.25
6,10,9,35,68.75,0.125
5,2,106,62,69.0,0.25
6,10,9,35,69.0,0.125
6,10,9,44,69.0,0.125
6,10,9,37,69.0,0.25
12,5,96,86,69.0,0.5
4,1,35,38,69.25,0.25
6,10,9,44,69.25,0.125
4,1,35,31,69.5,0.5
5,2,106,59,69.5,0.25
6,10,9,46,69.5,0.125
6,10,9,38,69.5,0.125
6,10,9,35,69.5,0.125
6,10,9,44,69.5,0.125
6,10,9,37,69.5,0.25
12,5,96,83,69.5,0.5
4,1,35,37,70.0,0.125
5,2,106,56,70.0,0.25
6,10,9,44,70.0,0.125
6,10,9,35,70.0,0.125
12,5,96,80,70.0,2.0
5,2,106,59,70.25,0.25
5,2,106,63,70.5,0.25
5,2,106,65,70.75,0.25
5,2,106,68,71.0,0.25
6,10,9,49,71.25,0.125
6,10,9,42,71.25,0.125
6,10,9,35,71.25,0.125
8,3,73,79,71.25,0.25
9,9,48,79,71.25,0.25
10,8,68,70,71.25,0.25
11,7,74,70,71.25,0.25
14,11,85,67,71.25,0.25
6,10,9,57,71.5,0.125
6,10,9,35,71.5,0.125
6,10,9,42,71.5,0.125
8,3,73,82,71.5,0.5
9,9,48,82,71.5,0.5
10,8,68,74,71.5,0.5
11,7,74,74,71.5,0.5
14,11,85,70,71.5,0.5
4,1,35,32,72.0,0.25
5,2,106,67,72.0,0.25
6,10,9,35,72.0,0.125
6,10,9,44,72.0,0.25
6,10,9,69,72.0,0.25
8,3,73,84,72.0,0.5
9,9,48,84,72.0,0.5
10,8,68,79,72.0,0.5
11,7,74,79,72.0,0.5
14,11,85,72,72.0,0.5
4,1,35,32,72.25,0.25
5,2,106,63,72.25,0.125
6,10,9,46,72.25,0.25
6,10,9,55,72.25,0.25
6,10,9,69,72.25,0.25
6,10,9,39,72.25,0.25
5,2,106,63,72.375,0.125
4,1,35,32,72.5,0.25
5,2,106,65,72.5,0.25
6,10,9,35,72.5,0.125
6,10,9,44,72.5,0.25
6,10,9,38,72.5,0.125
6,10,9,69,72.5,0.25
8,3,73,82,72.5,0.25
9,9,48,82,72.5,0.25
10,8,68,77,72.5,0.25
11,7,74,77,72.5,0.25
14,11,85,70,72.5,0.25
4,1,35,32,72.75,0.25
5,2,106,67,72.75,0.25
6,10,9,39,72.75,0.25
6,10,9,46,72.75,0.25
6,10,9,69,72.75,0.25
8,3,73,84,72.75,0.25
9,9,48,84,72.75,0.25
10,8,68,79,72.75,0.25
11,7,74,79,72.75,0.25
14,11,85,72,72.75,0.25
6,10,9,55,72.7656,0.25
4,1,35,32,73.0,0.25
6,10,9,69,73.0,0.25
6,10,9,44,73.0,0.25
6,10,9,35,73.0,0.125
8,3,73,79,73.0,1.0
9,9,48,79,73.0,1.0
10,8,68,72,73.0,1.0
11,7,74,72,73.0,1.0
14,11,85,67,73.0,1.0
4,1,35,32,73.25,0.25
5,2,106,67,73.25,0.25
6,10,9,69,73.25,0.25
6,10,9,55,73.25,0.25
6,10,9,46,73.25,0.25
6,10,9,39,73.25,0.25
4,1,35,32,73.5,0.25
5,2,106,60,73.5,0.25
6,10,9,35,73.5,0.125
6,10,9,38,73.5,0.125
6,10,9,44,73.5,0.25
6,10,9,69,73.5,0.25
4,1,35,32,73.75,0.25
5,2,106,58,73.75,0.25
6,10,9,46,73.75,0.25
6,10,9,55,73.75,0.25
6,10,9,69,73.75,0.25
6,10,9,39,73.75,0.25
5,2,106,60,74.0,0.25
6,10,9,69,74.0,0.25
6,10,9,44,74.0,0.25
6,10,9,35,74.0,0.125
4,1,35,34,74.25,0.25
5,2,106,63,74.25,0.25
6,10,9,69,74.25,0.25
6,10,9,55,74.25,0.25
6,10,9,46,74.25,0.25
6,10,9,39,74.25,0.25
8,3,73,84,74.25,0.25
9,9,48,84,74.25,0.25
10,8,68,79,74.25,0.25
11,7,74,79,74.25,0.25
14,11,85,72,74.25,0.25
4,1,35,34,74.5,0.25
5,2,106,65,74.5,0.25
6,10,9,35,74.5,0.125
6,10,9,38,74.5,0.125
6,10,9,44,74.5,0.25
6,10,9,69,74.5,0.25
8,3,73,84,74.5,0.25
9,9,48,84,74.5,0.25
10,8,68,79,74.5,0.25
11,7,74,79,74.5,0.25
14,11,85,72,74.5,0.25
4,1,35,34,74.75,0.25
6,10,9,46,74.75,0.25
6,10,9,55,74.75,0.25
6,10,9,69,74.75,0.25
6,10,9,39,74.75,0.25
8,3,73,82,74.75,0.25
9,9,48,82,74.75,0.25
10,8,68,77,74.75,0.25
11,7,74,77,74.75,0.25
14,11,85,70,74.75,0.25
4,1,35,34,75.0,0.25
5,2,106,67,75.0,0.25
6,10,9,69,75.0,0.25
6,10,9,44,75.0,0.25
6,10,9,35,75.0,0.125
8,3,73,84,75.0,0.25
9,9,48,84,75.0,0.25
10,8,68,79,75.0,0.5
11,7,74,79,75.0,0.5
14,11,85,72,75.0,0.25
4,1,35,34,75.25,0.25
6,10,9,69,75.25,0.25
6,10,9,55,75.25,0.25
6,10,9,46,75.25,0.25
6,10,9,39,75.25,0.25
8,3,73,82,75.25,0.25
9,9,48,82,75.25,0.25
14,11,85,70,75.25,0.25
4,1,35,34,75.5,0.25
6,10,9,35,75.5,0.125
6,10,9,38,75.5,0.125
6,10,9,44,75.5,0.25
6,10,9,69,75.5,0.25
8,3,73,79,75.5,0.5
9,9,48,79,75.5,0.5
10,8,68,75,75.5,0.5
11,7,74,75,75.5,0.5
14,11,85,67,75.5,0.5
4,1,35,34,75.75,0.25
6,10,9,46,75.75,0.25
6,10,9,55,75.75,0.25
6,10,9,69,75.75,0.25
6,10,9,39,75.75,0.25
4,1,35,43,76.0,0.25
5,2,106,60,76.0,0.25
6,10,9,69,76.0,0.25
6,10,9,44,76.0,0.25
6,10,9,35,76.0,0.125
8,3,73,77,76.0,0.5
9,9,48,77,76.0,0.5
10,8,68,75,76.0,0.5
11,7,74,75,76.0,0.5
14,11,85,65,76.0,0.5
4,1,35,36,76.25,0.25
5,2,106,63,76.25,0.125
6,10,9,46,76.25,0.25
6,10,9,55,76.25,0.25
6,10,9,69,76.25,0.25
6,10,9,39,76.25,0.25
5,2,106,63,76.375,0.125
4,1,35,36,76.5,0.25
5,2,106,65,76.5,0.25
6,10,9,35,76.5,0.125
6,10,9,38,76.5,0.125
6,10,9,44,76.5,0.25
6,10,9,69,76.5,0.25
8,3,73,79,76.5,0.25
9,9,48,79,76.5,0.25
10,8,68,77,76.5,0.25
11,7,74,77,76.5,0.25
14,11,85,67,76.5,0.25
4,1,35,36,76.75,0.25
5,2,106,67,76.75,0.25
6,10,9,46,76.75,0.25
6,10,9,55,76.75,0.25
6,10,9,69,76.75,0.25
6,10,9,39,76.75,0.25
8,3,73,82,76.75,0.25
9,9,48,82,76.75,0.25
10,8,68,79,76.75,0.25
11,7,74,79,76.75,0.25
14,11,85,70,76.75,0.25
4,1,35,36,77.0,0.25
6,10,9,69,77.0,0.25
6,10,9,44,77.0,0.25
6,10,9,35,77.0,0.125
8,3,73,84,77.0,0.5
9,9,48,84,77.0,0.5
10,8,68,82,77.0,0.5
11,7,74,82,77.0,0.5
14,11,85,72,77.0,0.5
4,1,35,36,77.25,0.25
5,2,106,65,77.25,0.25
6,10,9,69,77.25,0.25
6,10,9,55,77.25,0.25
6,10,9,46,77.25,0.25
6,10,9,39,77.25,0.25
4,1,35,36,77.5,0.25
5,2,106,60,77.5,0.25
6,10,9,35,77.5,0.125
6,10,9,38,77.5,0.125
6,10,9,44,77.5,0.25
6,10,9,69,77.5,0.25
8,3,73,79,77.5,0.5
9,9,48,79,77.5,0.5
10,8,68,75,77.5,0.5
11,7,74,75,77.5,0.5
14,11,85,67,77.5,0.5
4,1,35,36,77.75,0.25
5,2,106,58,77.75,0.25
6,10,9,46,77.75,0.25
6,10,9,55,77.75,0.25
6,10,9,69,77.75,0.25
6,10,9,39,77.75,0.25
4,1,35,43,78.0,0.25
5,2,106,60,78.0,0.25
6,10,9,69,78.0,0.25
6,10,9,44,78.0,0.25
6,10,9,35,78.0,0.125
8,3,73,77,78.0,0.25
9,9,48,77,78.0,0.25
14,11,85,65,78.0,0.25
4,1,35,31,78.25,0.25
5,2,106,63,78.25,0.25
6,10,9,69,78.25,0.25
6,10,9,55,78.25,0.25
6,10,9,46,78.25,0.25
6,10,9,39,78.25,0.25
8,3,73,79,78.25,0.25
9,9,48,79,78.25,0.25
14,11,85,67,78.25,0.25
4,1,35,31,78.5,0.25
5,2,106,65,78.5,0.25
6,10,9,35,78.5,0.125
6,10,9,38,78.5,0.125
6,10,9,44,78.5,0.25
6,10,9,69,78.5,0.25
8,3,73,77,78.5,0.25
9,9,48,77,78.5,0.25
14,11,85,65,78.5,0.25
4,1,35,31,78.75,0.25
6,10,9,46,78.75,0.25
6,10,9,55,78.75,0.25
6,10,9,69,78.75,0.25
6,10,9,39,78.75,0.25
8,3,73,75,78.75,0.25
9,9,48,75,78.75,0.25
14,11,85,63,78.75,0.25
4,1,35,34,79.0,0.25
5,2,106,67,79.0,0.25
6,10,9,69,79.0,0.25
6,10,9,44,79.0,0.25
6,10,9,35,79.0,0.125
8,3,73,79,79.0,0.5
9,9,48,79,79.0,0.5
14,11,85,67,79.0,0.5
4,1,35,38,79.25,0.25
6,10,9,69,79.25,0.25
6,10,9,55,79.25,0.25
6,10,9,46,79.25,0.25
6,10,9,39,79.25,0.25
4,1,35,43,79.5,0.25
6,10,9,35,79.5,0.125
6,10,9,38,79.5,0.125
6,10,9,44,79.5,0.25
6,10,9,69,79.5,0.25
4,1,35,31,79.75,0.25
6,10,9,46,79.75,0.25
6,10,9,55,79.75,0.25
6,10,9,69,79.75,0.25
6,10,9,39,79.75,0.25
4,1,35,41,80.0,0.25
5,2,106,65,80.0,0.25
6,10,9,69,80.0,0.25
6,10,9,44,80.0,0.25
6,10,9,35,80.0,0.125
8,3,73,77,80.0,0.5
9,9,48,77,80.0,0.5
14,11,85,65,80.0,0.5
4,1,35,29,80.25,0.25
5,2,106,63,80.25,0.125
6,10,9,46,80.25,0.25
6,10,9,55,80.25,0.25
6,10,9,69,80.25,0.25
6,10,9,39,80.25,0.25
5,2,106,63,80.375,0.125
4,1,35,29,80.5,0.25
5,2,106,65,80.5,0.25
6,10,9,35,80.5,0.125
6,10,9,38,80.5,0.125
6,10,9,44,80.5,0.25
6,10,9,69,80.5,0.25
8,3,73,75,80.5,0.25
9,9,48,75,80.5,0.25
14,11,85,63,80.5,0.25
4,1,35,29,80.75,0.25
5,2,106,67,80.75,0.25
6,10,9,46,80.75,0.25
6,10,9,55,80.75,0.25
6,10,9,69,80.75,0.25
6,10,9,39,80.75,0.25
8,3,73,77,80.75,0.25
9,9,48,77,80.75,0.25
14,11,85,65,80.75,0.25
4,1,35,41,81.0,0.25
6,10,9,69,81.0,0.25
6,10,9,44,81.0,0.25
6,10,9,35,81.0,0.125
8,3,73,72,81.0,1.0
9,9,48,72,81.0,1.0
14,11,85,60,81.0,1.0
4,1,35,36,81.25,0.25
5,2,106,63,81.25,0.25
6,10,9,69,81.25,0.25
6,10,9,55,81.25,0.25
6,10,9,46,81.25,0.25
6,10,9,39,81.25,0.25
4,1,35,41,81.5,0.25
5,2,106,62,81.5,0.25
6,10,9,35,81.5,0.125
6,10,9,38,81.5,0.125
6,10,9,44,81.5,0.25
6,10,9,69,81.5,0.25
4,1,35,29,81.75,0.25
5,2,106,58,81.75,0.25
6,10,9,46,81.75,0.25
6,10,9,55,81.75,0.25
6,10,9,69,81.75,0.25
6,10,9,39,81.75,0.25
4,1,35,31,82.0,0.25
5,2,106,60,82.0,0.25
6,10,9,69,82.0,0.25
6,10,9,44,82.0,0.25
6,10,9,35,82.0,0.125
6,10,9,38,82.0,0.125
4,1,35,31,82.25,0.25
5,2,106,63,82.25,0.25
6,10,9,69,82.25,0.25
6,10,9,55,82.25,0.25
6,10,9,46,82.25,0.25
6,10,9,39,82.25,0.25
8,3,73,77,82.25,0.25
9,9,48,77,82.25,0.25
14,11,85,65,82.25,0.25
4,1,35,31,82.5,0.25
5,2,106,65,82.5,0.25
6,10,9,35,82.5,0.125
6,10,9,44,82.5,0.25
6,10,9,69,82.5,0.25
8,3,73,77,82.5,0.25
9,9,48,77,82.5,0.25
14,11,85,65,82.5,0.25
4,1,35,31,82.75,0.25
6,10,9,46,82.75,0.25
6,10,9,55,82.75,0.25
6,10,9,69,82.75,0.25
6,10,9,39,82.75,0.25
8,3,73,79,82.75,0.25
9,9,48,79,82.75,0.25
14,11,85,67,82.75,0.25
4,1,35,43,83.0,0.25
5,2,106,67,83.0,0.25
6,10,9,69,83.0,0.25
6,10,9,44,83.0,0.25
6,10,9,35,83.0,0.125
8,3,73,77,83.0,0.25
9,9,48,77,83.0,0.25
14,11,85,65,83.0,0.25
4,1,35,38,83.25,0.25
6,10,9,69,83.25,0.25
6,10,9,55,83.25,0.25
6,10,9,46,83.25,0.25
6,10,9,39,83.25,0.25
8,3,73,75,83.25,0.5
9,9,48,75,83.25,0.5
14,11,85,63,83.25,0.5
4,1,35,43,83.5,0.25
6,10,9,35,83.5,0.125
6,10,9,38,83.5,0.125
6,10,9,44,83.5,0.25
6,10,9,69,83.5,0.25
4,1,35,31,83.75,0.25
6,10,9,46,83.75,0.25
6,10,9,55,83.75,0.25
6,10,9,69,83.75,0.25
6,10,9,39,83.75,0.25
8,3,73,77,83.75,0.25
9,9,48,77,83.75,0.25
14,11,85,65,83.75,0.25
4,1,35,32,84.0,0.25
5,2,106,60,84.0,0.25
6,10,9,69,84.0,0.25
6,10,9,44,84.0,0.25
6,10,9,35,84.0,0.125
8,3,73,79,84.0,2.75
9,9,48,79,84.0,2.75
14,11,85,67,84.0,2.75
4,1,35,32,84.25,0.25
5,2,106,63,84.25,0.25
6,10,9,69,84.25,0.25
6,10,9,55,84.25,0.25
6,10,9,46,84.25,0.25
6,10,9,39,84.25,0.25
4,1,35,32,84.5,0.25
5,2,106,65,84.5,0.25
6,10,9,35,84.5,0.125
6,10,9,38,84.5,0.125
6,10,9,44,84.5,0.25
6,10,9,69,84.5,0.25
4,1,35,32,84.75,0.25
5,2,106,67,84.75,0.25
6,10,9,46,84.75,0.25
6,10,9,55,84.75,0.25
6,10,9,69,84.75,0.25
6,10,9,39,84.75,0.25
4,1,35,32,85.0,0.25
6,10,9,69,85.0,0.25
6,10,9,44,85.0,0.25
6,10,9,35,85.0,0.125
4,1,35,32,85.25,0.25
5,2,106,65,85.25,0.25
6,10,9,69,85.25,0.25
6,10,9,55,85.25,0.25
6,10,9,46,85.25,0.25
6,10,9,39,85.25,0.25
4,1,35,32,85.5,0.25
5,2,106,63,85.5,0.25
6,10,9,35,85.5,0.125
6,10,9,38,85.5,0.125
6,10,9,44,85.5,0.25
6,10,9,69,85.5,0.25
4,1,35,32,85.75,0.25
5,2,106,67,85.75,0.25
6,10,9,46,85.75,0.25
6,10,9,55,85.75,0.25
6,10,9,69,85.75,0.25
6,10,9,39,85.75,0.25
4,1,35,34,86.0,0.25
5,2,106,70,86.0,0.25
6,10,9,69,86.0,0.25
6,10,9,35,86.0,0.125
6,10,9,44,86.0,0.25
4,1,35,29,86.25,0.25
5,2,106,70,86.25,0.25
6,10,9,69,86.25,0.25
6,10,9,55,86.25,0.25
6,10,9,46,86.25,0.25
6,10,9,39,86.25,0.25
4,1,35,34,86.5,0.25
5,2,106,70,86.5,0.25
6,10,9,38,86.5,0.125
6,10,9,35,86.5,0.125
6,10,9,44,86.5,0.25
6,10,9,69,86.5,0.25
4,1,35,34,86.75,0.25
5,2,106,70,86.75,0.5
6,10,9,46,86.75,0.25
6,10,9,55,86.75,0.25
6,10,9,69,86.75,0.25
6,10,9,39,86.75,0.25
4,1,35,33,87.0,0.25
6,10,9,69,87.0,0.25
6,10,9,35,87.0,0.125
6,10,9,44,87.0,0.25
4,1,35,34,87.25,0.25
5,2,106,72,87.25,0.125
6,10,9,46,87.25,0.25
6,10,9,55,87.25,0.25
6,10,9,69,87.25,0.25
6,10,9,39,87.25,0.25
8,3,73,79,87.25,0.25
9,9,48,79,87.25,0.25
10,8,68,70,87.25,0.25
11,7,74,70,87.25,0.25
14,11,85,67,87.25,0.25
5,2,106,70,87.375,0.125
4,1,35,34,87.5,0.5
5,2,106,67,87.5,0.25
6,10,9,69,87.5,0.25
6,10,9,44,87.5,0.25
6,10,9,35,87.5,0.125
6,10,9,38,87.5,0.125
8,3,73,82,87.5,0.5
9,9,48,82,87.5,0.5
10,8,68,74,87.5,0.5
11,7,74,74,87.5,0.5
14,11,85,70,87.5,0.5
5,2,106,65,87.75,0.25
6,10,9,46,87.75,0.25
6,10,9,55,87.75,0.25
6,10,9,69,87.75,0.25
6,10,9,39,87.75,0.25
4,1,35,32,88.0,0.25
5,2,106,67,88.0,0.25
6,10,9,69,88.0,0.25
6,10,9,44,88.0,0.25
6,10,9,35,88.0,0.125
8,3,73,84,88.0,0.5
9,9,48,84,88.0,0.5
10,8,68,79,88.0,0.5
11,7,74,79,88.0,0.5
14,11,85,72,88.0,0.5
4,1,35,32,88.25,0.25
5,2,106,63,88.25,0.25
6,10,9,46,88.25,0.25
6,10,9,55,88.25,0.25
6,10,9,69,88.25,0.25
6,10,9,39,88.25,0.25
4,1,35,32,88.5,0.25
5,2,106,65,88.5,0.25
6,10,9,69,88.5,0.25
6,10,9,44,88.5,0.25
6,10,9,35,88.5,0.125
6,10,9,38,88.5,0.125
8,3,73,82,88.5,0.25
9,9,48,82,88.5,0.25
10,8,68,77,88.5,0.25
11,7,74,77,88.5,0.25
14,11,85,70,88.5,0.25
4,1,35,32,88.75,0.25
5,2,106,67,88.75,0.25
6,10,9,39,88.75,0.25
6,10,9,46,88.75,0.25
6,10,9,69,88.75,0.25
8,3,73,84,88.75,0.25
9,9,48,84,88.75,0.25
10,8,68,79,88.75,0.25
11,7,74,79,88.75,0.25
14,11,85,72,88.75,0.25
6,10,9,55,88.7656,0.25
4,1,35,33,89.0,0.25
6,10,9,69,89.0,0.25
6,10,9,44,89.0,0.25
6,10,9,35,89.0,0.125
8,3,73,79,89.0,1.0
9,9,48,79,89.0,1.0
10,8,68,72,89.0,1.0
11,7,74,72,89.0,1.0
14,11,85,67,89.0,1.0
4,1,35,34,89.25,0.25
5,2,106,65,89.25,0.125
6,10,9,46,89.25,0.25
6,10,9,55,89.25,0.25
6,10,9,69,89.25,0.25
6,10,9,39,89.25,0.25
5,2,106,63,89.375,0.125
4,1,35,34,89.5,0.25
5,2,106,60,89.5,0.25
6,10,9,69,89.5,0.25
6,10,9,44,89.5,0.25
6,10,9,38,89.5,0.125
6,10,9,35,89.5,0.125
4,1,35,34,89.75,0.25
5,2,106,58,89.75,0.25
6,10,9,46,89.75,0.25
6,10,9,55,89.75,0.25
6,10,9,69,89.75,0.25
6,10,9,39,89.75,0.25
4,1,35,36,90.0,0.25
5,2,106,60,90.0,0.25
6,10,9,69,90.0,0.25
6,10,9,44,90.0,0.25
6,10,9,35,90.0,0.125
4,1,35,36,90.25,0.25
5,2,106,63,90.25,0.25
6,10,9,69,90.25,0.25
6,10,9,55,90.25,0.25
6,10,9,46,90.25,0.25
6,10,9,39,90.25,0.25
8,3,73,84,90.25,0.25
9,9,48,84,90.25,0.25
10,8,68,79,90.25,0.25
11,7,74,79,90.25,0.25
14,11,85,72,90.25,0.25
4,1,35,36,90.5,0.25
5,2,106,65,90.5,0.25
6,10,9,35,90.5,0.125
6,10,9,38,90.5,0.125
6,10,9,44,90.5,0.25
6,10,9,69,90.5,0.25
8,3,73,84,90.5,0.25
9,9,48,84,90.5,0.25
10,8,68,79,90.5,0.25
11,7,74,79,90.5,0.25
14,11,85,72,90.5,0.25
4,1,35,36,90.75,0.25
6,10,9,46,90.75,0.25
6,10,9,55,90.75,0.25
6,10,9,69,90.75,0.25
6,10,9,39,90.75,0.25
8,3,73,82,90.75,0.25
9,9,48,82,90.75,0.25
10,8,68,77,90.75,0.25
11,7,74,77,90.75,0.25
14,11,85,70,90.75,0.25
4,1,35,37,91.0,0.25
5,2,106,67,91.0,0.25
6,10,9,69,91.0,0.25
6,10,9,44,91.0,0.25
6,10,9,35,91.0,0.125
8,3,73,84,91.0,0.25
9,9,48,84,91.0,0.25
10,8,68,79,91.0,0.25
11,7,74,79,91.0,0.25
14,11,85,72,91.0,0.25
4,1,35,44,91.25,0.25
6,10,9,69,91.25,0.25
6,10,9,55,91.25,0.25
6,10,9,46,91.25,0.25
6,10,9,39,91.25,0.25
8,3,73,82,91.25,0.25
9,9,48,82,91.25,0.25
10,8,68,75,91.25,0.25
11,7,74,75,91.25,0.25
14,11,85,70,91.25,0.25
4,1,35,44,91.5,0.25
6,10,9,38,91.5,0.125
6,10,9,35,91.5,0.125
6,10,9,44,91.5,0.25
6,10,9,69,91.5,0.25
8,3,73,79,91.5,0.5
9,9,48,79,91.5,0.5
10,8,68,75,91.5,0.5
11,7,74,75,91.5,0.5
14,11,85,67,91.5,0.5
4,1,35,37,91.75,0.25
6,10,9,46,91.75,0.25
6,10,9,55,91.75,0.25
6,10,9,69,91.75,0.25
6,10,9,39,91.75,0.25
4,1,35,32,92.0,0.25
5,2,106,60,92.0,0.25
6,10,9,69,92.0,0.25
6,10,9,44,92.0,0.25
6,10,9,35,92.0,0.125
8,3,73,77,92.0,0.5
9,9,48,77,92.0,0.5
10,8,68,75,92.0,0.5
11,7,74,75,92.0,0.5
14,11,85,65,92.0,0.5
4,1,35,32,92.25,0.25
5,2,106,63,92.25,0.25
6,10,9,39,92.25,0.25
6,10,9,46,92.25,0.25
6,10,9,55,92.25,0.25
6,10,9,69,92.25,0.25
4,1,35,32,92.5,0.25
5,2,106,65,92.5,0.25
6,10,9,69,92.5,0.25
6,10,9,44,92.5,0.25
6,10,9,38,92.5,0.125
6,10,9,35,92.5,0.125
8,3,73,79,92.5,0.25
9,9,48,79,92.5,0.25
10,8,68,77,92.5,0.25
11,7,74,77,92.5,0.25
14,11,85,67,92.5,0.25
4,1,35,32,92.75,0.25
5,2,106,67,92.75,0.25
6,10,9,69,92.75,0.25
6,10,9,55,92.75,0.25
6,10,9,46,92.75,0.25
6,10,9,39,92.75,0.25
8,3,73,82,92.75,0.25
9,9,48,82,92.75,0.25
10,8,68,79,92.75,0.25
11,7,74,79,92.75,0.25
14,11,85,70,92.75,0.25
4,1,35,34,93.0,0.25
6,10,9,35,93.0,0.125
6,10,9,44,93.0,0.25
6,10,9,69,93.0,0.25
8,3,73,84,93.0,0.5
9,9,48,84,93.0,0.5
10,8,68,82,93.0,0.5
11,7,74,82,93.0,0.5
14,11,85,72,93.0,0.5
4,1,35,34,93.25,0.25
5,2,106,65,93.25,0.125
6,10,9,39,93.25,0.25
6,10,9,69,93.25,0.25
6,10,9,55,93.25,0.25
6,10,9,46,93.25,0.25
5,2,106,63,93.375,0.125
4,1,35,34,93.5,0.25
5,2,106,60,93.5,0.25
6,10,9,35,93.5,0.125
6,10,9,38,93.5,0.125
6,10,9,44,93.5,0.25
6,10,9,69,93.5,0.25
8,3,73,79,93.5,0.5
9,9,48,79,93.5,0.5
10,8,68,75,93.5,0.5
11,7,74,75,93.5,0.5
14,11,85,67,93.5,0.5
4,1,35,34,93.75,0.25
5,2,106,58,93.75,0.25
6,10,9,69,93.75,0.25
6,10,9,55,93.75,0.25
6,10,9,46,93.75,0.25
6,10,9,39,93.75,0.25
4,1,35,31,94.0,0.25
5,2,106,60,94.0,0.25
6,10,9,35,94.0,0.125
6,10,9,44,94.0,0.25
6,10,9,69,94.0,0.25
8,3,73,77,94.0,0.25
9,9,48,77,94.0,0.25
14,11,85,65,94.0,0.25
4,1,35,31,94.25,0.25
5,2,106,63,94.25,0.25
6,10,9,69,94.25,0.25
6,10,9,55,94.25,0.25
6,10,9,46,94.25,0.25
6,10,9,39,94.25,0.25
8,3,73,75,94.25,0.25
9,9,48,75,94.25,0.25
14,11,85,63,94.25,0.25
4,1,35,31,94.5,0.25
5,2,106,65,94.5,0.25
6,10,9,35,94.5,0.125
6,10,9,38,94.5,0.125
6,10,9,44,94.5,0.25
6,10,9,69,94.5,0.25
8,3,73,77,94.5,0.25
9,9,48,77,94.5,0.25
14,11,85,65,94.5,0.25
4,1,35,31,94.75,0.25
6,10,9,69,94.75,0.25
6,10,9,55,94.75,0.25
6,10,9,46,94.75,0.25
6,10,9,39,94.75,0.25
8,3,73,79,94.75,0.25
9,9,48,79,94.75,0.25
14,11,85,67,94.75,0.25
4,1,35,36,95.0,0.25
5,2,106,67,95.0,0.25
6,10,9,35,95.0,0.125
6,10,9,44,95.0,0.25
6,10,9,69,95.0,0.25
8,3,73,72,95.0,0.5
9,9,48,72,95.0,0.5
14,11,85,60,95.0,0.5
4,1,35,43,95.25,0.25
6,10,9,69,95.25,0.25
6,10,9,55,95.25,0.25
6,10,9,46,95.25,0.25
6,10,9,39,95.25,0.25
4,1,35,48,95.5,0.25
6,10,9,35,95.5,0.125
6,10,9,38,95.5,0.125
6,10,9,44,95.5,0.25
6,10,9,69,95.5,0.25
4,1,35,36,95.75,0.25
6,10,9,69,95.75,0.25
6,10,9,55,95.75,0.25
6,10,9,46,95.75,0.25
6,10,9,39,95.75,0.25
4,1,35,32,96.0,0.25
5,2,106,63,96.0,0.25
6,10,9,35,96.0,0.125
6,10,9,44,96.0,0.25
6,10,9,69,96.0,0.25
8,3,73,72,96.0,0.5
9,9,48,72,96.0,0.5
14,11,85,60,96.0,0.5
4,1,35,32,96.25,0.25
5,2,106,63,96.25,0.25
6,10,9,69,96.25,0.25
6,10,9,55,96.25,0.25
6,10,9,46,96.25,0.25
6,10,9,39,96.25,0.25
4,1,35,32,96.5,0.25
5,2,106,65,96.5,0.25
6,10,9,35,96.5,0.125
6,10,9,38,96.5,0.125
6,10,9,44,96.5,0.25
6,10,9,69,96.5,0.25
8,3,73,75,96.5,0.25
9,9,48,75,96.5,0.25
14,11,85,63,96.5,0.25
4,1,35,32,96.75,0.25
5,2,106,67,96.75,0.25
6,10,9,69,96.75,0.25
6,10,9,55,96.75,0.25
6,10,9,46,96.75,0.25
6,10,9,39,96.75,0.25
8,3,73,72,96.75,0.25
9,9,48,72,96.75,0.25
14,11,85,60,96.75,0.25
4,1,35,32,97.0,0.25
6,10,9,35,97.0,0.125
6,10,9,44,97.0,0.25
6,10,9,69,97.0,0.25
8,3,73,77,97.0,0.5
9,9,48,77,97.0,0.5
14,11,85,65,97.0,0.5
4,1,35,39,97.25,0.25
5,2,106,65,97.25,0.125
6,10,9,39,97.25,0.25
6,10,9,69,97.25,0.25
6,10,9,55,97.25,0.25
6,10,9,46,97.25,0.25
5,2,106,63,97.375,0.125
4,1,35,44,97.5,0.25
5,2,106,60,97.5,0.25
6,10,9,35,97.5,0.125
6,10,9,38,97.5,0.125
6,10,9,44,97.5,0.25
6,10,9,69,97.5,0.25
8,3,73,75,97.5,0.25
9,9,48,75,97.5,0.25
14,11,85,63,97.5,0.25
4,1,35,32,97.75,0.25
5,2,106,58,97.75,0.25
6,10,9,69,97.75,0.25
6,10,9,55,97.75,0.25
6,10,9,46,97.75,0.25
6,10,9,39,97.75,0.25
8,3,73,77,97.75,0.25
9,9,48,77,97.75,0.25
14,11,85,65,97.75,0.25
4,1,35,34,98.0,0.25
5,2,106,60,98.0,0.25
6,10,9,35,98.0,0.125
6,10,9,44,98.0,0.25
6,10,9,69,98.0,0.25
8,3,73,79,98.0,0.5
9,9,48,79,98.0,0.5
14,11,85,67,98.0,0.5
4,1,35,34,98.25,0.25
5,2,106,63,98.25,0.25
6,10,9,69,98.25,0.25
6,10,9,55,98.25,0.25
6,10,9,46,98.25,0.25
6,10,9,39,98.25,0.25
4,1,35,34,98.5,0.25
5,2,106,65,98.5,0.25
6,10,9,35,98.5,0.125
6,10,9,38,98.5,0.125
6,10,9,44,98.5,0.25
6,10,9,69,98.5,0.25
8,3,73,77,98.5,0.25
9,9,48,77,98.5,0.25
14,11,85,65,98.5,0.25
4,1,35,34,98.75,0.25
6,10,9,69,98.75,0.25
6,10,9,55,98.75,0.25
6,10,9,46,98.75,0.25
6,10,9,39,98.75,0.25
8,3,73,79,98.75,0.25
9,9,48,79,98.75,0.25
14,11,85,67,98.75,0.25
4,1,35,34,99.0,0.25
5,2,106,67,99.0,0.25
6,10,9,35,99.0,0.125
6,10,9,44,99.0,0.25
6,10,9,69,99.0,0.25
8,3,73,82,99.0,0.5
9,9,48,82,99.0,0.5
14,11,85,70,99.0,0.5
4,1,35,41,99.25,0.25
6,10,9,69,99.25,0.25
6,10,9,55,99.25,0.25
6,10,9,46,99.25,0.25
6,10,9,39,99.25,0.25
4,1,35,46,99.5,0.25
6,10,9,35,99.5,0.125
6,10,9,38,99.5,0.125
6,10,9,44,99.5,0.25
6,10,9,69,99.5,0.25
8,3,73,86,99.5,0.5
9,9,48,86,99.5,0.5
14,11,85,74,99.5,0.5
4,1,35,34,99.75,0.25
6,10,9,69,99.75,0.25
6,10,9,55,99.75,0.25
6,10,9,46,99.75,0.25
6,10,9,39,99.75,0.25
4,1,35,36,100.0,0.25
5,2,106,70,100.0,0.25
6,10,9,35,100.0,0.125
6,10,9,44,100.0,0.25
6,10,9,69,100.0,0.25
8,3,73,86,100.0,2.0
9,9,48,86,100.0,2.0
14,11,85,74,100.0,2.0
4,1,35,36,100.25,0.25
5,2,106,70,100.25,0.25
6,10,9,69,100.25,0.25
6,10,9,55,100.25,0.25
6,10,9,46,100.25,0.25
6,10,9,39,100.25,0.25
4,1,35,36,100.5,0.25
5,2,106,70,100.5,0.25
6,10,9,35,100.5,0.125
6,10,9,38,100.5,0.125
6,10,9,44,100.5,0.25
6,10,9,69,100.5,0.25
4,1,35,36,100.75,0.25
5,2,106,70,100.75,0.25
6,10,9,69,100.75,0.25
6,10,9,55,100.75,0.25
6,10,9,46,100.75,0.25
6,10,9,39,100.75,0.25
4,1,35,36,101.0,0.25
5,2,106,70,101.0,0.25
6,10,9,35,101.0,0.125
6,10,9,44,101.0,0.25
6,10,9,69,101.0,0.25
4,1,35,43,101.25,0.25
5,2,106,70,101.25,0.25
6,10,9,69,101.25,0.25
6,10,9,55,101.25,0.25
6,10,9,46,101.25,0.25
6,10,9,39,101.25,0.25
4,1,35,48,101.5,0.25
5,2,106,70,101.5,0.25
6,10,9,35,101.5,0.125
6,10,9,38,101.5,0.125
6,10,9,44,101.5,0.25
6,10,9,69,101.5,0.25
4,1,35,36,101.75,0.25
5,2,106,70,101.75,0.25
6,10,9,69,101.75,0.25
6,10,9,55,101.75,0.25
6,10,9,46,101.75,0.25
6,10,9,39,101.75,0.25
4,1,35,36,102.0,0.25
5,2,106,70,102.0,0.25
6,10,9,35,102.0,0.125
6,10,9,44,102.0,0.25
6,10,9,69,102.0,0.25
8,3,73,84,102.0,2.0
9,9,48,84,102.0,2.0
14,11,85,72,102.0,2.0
4,1,35,36,102.25,0.25
5,2,106,72,102.25,0.125
6,10,9,39,102.25,0.25
6,10,9,69,102.25,0.25
6,10,9,55,102.25,0.25
6,10,9,46,102.25,0.25
5,2,106,70,102.375,0.125
4,1,35,36,102.5,0.25
5,2,106,67,102.5,0.25
6,10,9,44,102.5,0.25
6,10,9,35,102.5,0.125
6,10,9,38,102.5,0.125
6,10,9,69,102.5,0.25
4,1,35,36,102.75,0.25
5,2,106,70,102.75,0.125
6,10,9,39,102.75,0.25
6,10,9,69,102.75,0.25
6,10,9,55,102.75,0.25
6,10,9,46,102.75,0.25
5,2,106,67,102.875,0.125
4,1,35,36,103.0,0.25
5,2,106,65,103.0,0.25
6,10,9,44,103.0,0.25
6,10,9,35,103.0,0.125
6,10,9,69,103.0,0.25
4,1,35,38,103.25,0.25
5,2,106,67,103.25,0.125
6,10,9,39,103.25,0.25
6,10,9,69,103.25,0.25
6,10,9,55,103.25,0.25
6,10,9,46,103.25,0.25
5,2,106,65,103.375,0.125
4,1,35,40,103.5,0.25
5,2,106,64,103.5,0.25
6,10,9,44,103.5,0.25
6,10,9,35,103.5,0.125
6,10,9,38,103.5,0.125
6,10,9,69,103.5,0.25
4,1,35,43,103.75,0.25
5,2,106,67,103.75,0.25
6,10,9,69,103.75,0.25
6,10,9,55,103.75,0.25
6,10,9,46,103.75,0.25
6,10,9,39,103.75,0.25
4,1,35,41,104.0,0.25
5,2,106,63,104.0,0.25
6,10,9,44,104.0,0.25
6,10,9,35,104.0,0.125
6,10,9,69,104.0,0.25
7,4,48,75,104.0,0.25
4,1,35,29,104.25,0.25
5,2,106,62,104.25,0.25
6,10,9,46,104.25,0.25
6,10,9,55,104.25,0.25
6,10,9,69,104.25,0.25
6,10,9,39,104.25,0.25
7,4,48,74,104.25,0.25
4,1,35,29,104.5,0.25
5,2,106,58,104.5,0.25
6,10,9,44,104.5,0.25
6,10,9,35,104.5,0.125
6,10,9,38,104.5,0.125
6,10,9,69,104.5,0.25
7,4,48,70,104.5,0.25
4,1,35,31,104.75,0.25
5,2,106,58,104.75,0.5
6,10,9,39,104.75,0.25
6,10,9,69,104.75,0.25
6,10,9,46,104.75,0.25
7,4,48,70,104.75,0.5
6,10,9,55,104.7656,0.25
4,1,35,31,105.0,0.25
6,10,9,44,105.0,0.25
6,10,9,35,105.0,0.125
6,10,9,69,105.0,0.25
4,1,35,38,105.25,0.25
5,2,106,63,105.25,0.5
6,10,9,46,105.25,0.25
6,10,9,55,105.25,0.25
6,10,9,69,105.25,0.25
6,10,9,39,105.25,0.25
7,4,48,75,105.25,0.5
6,10,9,38,105.5,0.125
6,10,9,35,105.5,0.125
6,10,9,44,105.5,0.25
6,10,9,69,105.5,0.25
4,1,35,32,105.75,0.25
5,2,106,62,105.75,0.5
6,10,9,46,105.75,0.25
6,10,9,55,105.75,0.25
6,10,9,69,105.75,0.25
6,10,9,39,105.75,0.25
7,4,48,74,105.75,0.5
4,1,35,32,106.0,0.25
6,10,9,35,106.0,0.125
6,10,9,44,106.0,0.25
6,10,9,69,106.0,0.25
4,1,35,39,106.25,0.25
5,2,106,63,106.25,0.25
6,10,9,46,106.25,0.25
6,10,9,55,106.25,0.25
6,10,9,69,106.25,0.25
6,10,9,39,106.25,0.25
7,4,48,75,106.25,0.25
5,2,106,65,106.5,0.25
6,10,9,38,106.5,0.125
6,10,9,35,106.5,0.125
6,10,9,44,106.5,0.25
6,10,9,69,106.5,0.25
7,4,48,77,106.5,0.25
4,1,35,46,106.75,0.25
5,2,106,70,106.75,0.25
6,10,9,46,106.75,0.25
6,10,9,55,106.75,0.25
6,10,9,69,106.75,0.25
6,10,9,39,106.75,0.25
7,4,48,82,106.75,0.5
4,1,35,46,107.0,0.25
6,10,9,35,107.0,0.125
6,10,9,44,107.0,0.25
6,10,9,69,107.0,0.25
4,1,35,41,107.25,0.25
5,2,106,70,107.25,0.25
6,10,9,46,107.25,0.25
6,10,9,55,107.25,0.25
6,10,9,69,107.25,0.25
6,10,9,39,107.25,0.25
7,4,48,82,107.25,0.25
4,1,35,34,107.5,0.25
5,2,106,70,107.5,0.25
6,10,9,38,107.5,0.125
6,10,9,35,107.5,0.125
6,10,9,44,107.5,0.25
6,10,9,69,107.5,0.25
7,4,48,82,107.5,0.25
4,1,35,36,107.75,0.25
5,2,106,70,107.75,0.5
6,10,9,46,107.75,0.25
6,10,9,55,107.75,0.25
6,10,9,69,107.75,0.25
6,10,9,39,107.75,0.25
7,4,48,82,107.75,0.5
4,1,35,36,108.0,0.25
6,10,9,35,108.0,0.125
6,10,9,44,108.0,0.25
6,10,9,69,108.0,0.25
4,1,35,31,108.25,0.25
5,2,106,68,108.25,0.25
6,10,9,46,108.25,0.25
6,10,9,55,108.25,0.25
6,10,9,69,108.25,0.25
6,10,9,39,108.25,0.25
7,4,48,80,108.25,0.25
4,1,35,29,108.5,0.125
5,2,106,67,108.5,0.25
6,10,9,38,108.5,0.125
6,10,9,35,108.5,0.125
6,10,9,44,108.5,0.25
6,10,9,69,108.5,0.25
7,4,48,79,108.5,0.25
4,1,35,31,108.625,0.125
4,1,35,26,108.75,0.25
5,2,106,70,108.75,0.5
6,10,9,46,108.75,0.25
6,10,9,55,108.75,0.25
6,10,9,69,108.75,0.25
6,10,9,39,108.75,0.25
7,4,48,82,108.75,0.5
4,1,35,27,109.0,0.25
6,10,9,35,109.0,0.125
6,10,9,44,109.0,0.25
6,10,9,69,109.0,0.25
4,1,35,34,109.25,0.25
5,2,106,63,109.25,0.25
6,10,9,46,109.25,0.25
6,10,9,55,109.25,0.25
6,10,9,69,109.25,0.25
6,10,9,39,109.25,0.25
7,4,48,75,109.25,0.25
4,1,35,26,109.5,0.25
5,2,106,63,109.5,0.25
6,10,9,35,109.5,0.125
6,10,9,38,109.5,0.125
6,10,9,44,109.5,0.25
6,10,9,69,109.5,0.25
7,4,48,75,109.5,0.25
4,1,35,27,109.75,0.25
5,2,106,67,109.75,0.5
6,10,9,46,109.75,0.25
6,10,9,55,109.75,0.25
6,10,9,69,109.75,0.25
6,10,9,39,109.75,0.25
7,4,48,79,109.75,0.5
4,1,35,27,110.0,0.25
6,10,9,44,110.0,0.25
6,10,9,35,110.0,0.125
6,10,9,69,110.0,0.25
4,1,35,41,110.25,0.25
5,2,106,65,110.25,0.25
6,10,9,69,110.25,0.25
6,10,9,55,110.25,0.25
6,10,9,46,110.25,0.25
6,10,9,39,110.25,0.25
7,4,48,77,110.25,0.25
4,1,35,39,110.5,0.25
5,2,106,63,110.5,0.25
6,10,9,69,110.5,0.25
6,10,9,35,110.5,0.125
6,10,9,38,110.5,0.125
6,10,9,44,110.5,0.25
7,4,48,75,110.5,0.25
4,1,35,31,110.75,0.25
5,2,106,65,110.75,0.25
6,10,9,69,110.75,0.25
6,10,9,55,110.75,0.25
6,10,9,46,110.75,0.25
6,10,9,39,110.75,0.25
7,4,48,77,110.75,0.5
4,1,35,31,111.0,0.25
6,10,9,69,111.0,0.25
6,10,9,35,111.0,0.125
6,10,9,44,111.0,0.25
4,1,35,32,111.25,0.25
5,2,106,65,111.25,0.25
6,10,9,69,111.25,0.25
6,10,9,55,111.25,0.25
6,10,9,46,111.25,0.25
6,10,9,39,111.25,0.25
7,4,48,77,111.25,0.25
4,1,35,34,111.5,0.25
5,2,106,65,111.5,0.25
6,10,9,69,111.5,0.25
6,10,9,44,111.5,0.25
6,10,9,35,111.5,0.125
6,10,9,38,111.5,0.125
7,4,48,77,111.5,0.25
4,1,35,31,111.75,0.25
5,2,106,65,111.75,0.25
6,10,9,46,111.75,0.25
6,10,9,55,111.75,0.25
6,10,9,69,111.75,0.25
6,10,9,39,111.75,0.25
7,4,48,77,111.75,0.25
4,1,35,41,112.0,0.25
5,2,106,63,112.0,0.25
6,10,9,69,112.0,0.25
6,10,9,44,112.0,0.25
6,10,9,35,112.0,0.125
7,4,48,75,112.0,0.25
4,1,35,29,112.25,0.25
5,2,106,62,112.25,0.25
6,10,9,46,112.25,0.25
6,10,9,55,112.25,0.25
6,10,9,69,112.25,0.25
6,10,9,39,112.25,0.25
7,4,48,74,112.25,0.25
4,1,35,29,112.5,0.25
5,2,106,58,112.5,0.25
6,10,9,69,112.5,0.25
6,10,9,44,112.5,0.25
6,10,9,35,112.5,0.125
6,10,9,38,112.5,0.125
7,4,48,70,112.5,0.25
4,1,35,31,112.75,0.25
5,2,106,58,112.75,0.25
6,10,9,39,112.75,0.25
6,10,9,46,112.75,0.25
6,10,9,55,112.75,0.25
6,10,9,69,112.75,0.25
7,4,48,70,112.75,0.5
4,1,35,31,113.0,0.25
6,10,9,69,113.0,0.25
6,10,9,44,113.0,0.25
6,10,9,35,113.0,0.125
4,1,35,38,113.25,0.25
5,2,106,63,113.25,0.25
6,10,9,69,113.25,0.25
6,10,9,55,113.25,0.25
6,10,9,46,113.25,0.25
6,10,9,39,113.25,0.25
7,4,48,75,113.25,0.5
4,1,35,31,113.5,0.25
6,10,9,69,113.5,0.25
6,10,9,35,113.5,0.125
6,10,9,38,113.5,0.125
6,10,9,44,113.5,0.25
4,1,35,32,113.75,0.25
5,2,106,62,113.75,0.25
6,10,9,69,113.75,0.25
6,10,9,55,113.75,0.25
6,10,9,46,113.75,0.25
6,10,9,39,113.75,0.25
7,4,48,74,113.75,0.5
4,1,35,32,114.0,0.25
6,10,9,69,114.0,0.25
6,10,9,44,114.0,0.25
6,10,9,35,114.0,0.125
4,1,35,39,114.25,0.25
5,2,106,63,114.25,0.25
6,10,9,69,114.25,0.25
6,10,9,55,114.25,0.25
6,10,9,46,114.25,0.25
6,10,9,39,114.25,0.25
7,4,48,75,114.25,0.25
4,1,35,44,114.5,0.25
5,2,106,65,114.5,0.25
6,10,9,69,114.5,0.25
6,10,9,44,114.5,0.25
6,10,9,35,114.5,0.125
6,10,9,38,114.5,0.125
7,4,48,77,114.5,0.25
4,1,35,46,114.75,0.25
5,2,106,70,114.75,0.25
6,10,9,69,114.75,0.25
6,10,9,55,114.75,0.25
6,10,9,46,114.75,0.25
6,10,9,39,114.75,0.25
7,4,48,82,114.75,0.5
4,1,35,46,115.0,0.25
6,10,9,69,115.0,0.25
6,10,9,44,115.0,0.25
6,10,9,35,115.0,0.125
4,1,35,41,115.25,0.25
5,2,106,70,115.25,0.25
6,10,9,69,115.25,0.25
6,10,9,55,115.25,0.25
6,10,9,46,115.25,0.25
6,10,9,39,115.25,0.25
7,4,48,82,115.25,0.25
4,1,35,34,115.5,0.25
5,2,106,70,115.5,0.25
6,10,9,69,115.5,0.25
6,10,9,44,115.5,0.25
6,10,9,35,115.5,0.125
6,10,9,38,115.5,0.125
7,4,48,82,115.5,0.25
4,1,35,36,115.75,0.25
5,2,106,70,115.75,0.25
6,10,9,69,115.75,0.25
6,10,9,55,115.75,0.25
6,10,9,46,115.75,0.25
6,10,9,39,115.75,0.25
7,4,48,82,115.75,0.25
4,1,35,36,116.0,0.25
5,2,106,70,116.0,0.25
6,10,9,69,116.0,0.25
6,10,9,44,116.0,0.25
6,10,9,35,116.0,0.125
7,4,48,82,116.0,0.25
4,1,35,31,116.25,0.25
5,2,106,68,116.25,0.25
6,10,9,69,116.25,0.25
6,10,9,55,116.25,0.25
6,10,9,46,116.25,0.25
6,10,9,39,116.25,0.25
7,4,48,80,116.25,0.25
4,1,35,29,116.5,0.125
5,2,106,67,116.5,0.25
6,10,9,69,116.5,0.25
6,10,9,44,116.5,0.25
6,10,9,35,116.5,0.125
6,10,9,38,116.5,0.125
7,4,48,79,116.5,0.25
4,1,35,31,116.625,0.125
4,1,35,26,116.75,0.25
5,2,106,70,116.75,0.25
6,10,9,69,116.75,0.25
6,10,9,55,116.75,0.25
6,10,9,46,116.75,0.25
6,10,9,39,116.75,0.25
7,4,48,82,116.75,0.25
4,1,35,26,117.0,0.25
6,10,9,69,117.0,0.25
6,10,9,44,117.0,0.25
6,10,9,35,117.0,0.125
6,10,9,38,117.0,0.125
6,10,9,35,117.125,0.125
6,10,9,38,117.125,0.125
4,1,35,31,117.25,0.25
5,2,106,63,117.25,0.25
6,10,9,39,117.25,0.25
6,10,9,55,117.25,0.25
6,10,9,46,117.25,0.25
6,10,9,35,117.25,0.125
6,10,9,38,117.25,0.125
6,10,9,69,117.25,0.25
6,10,9,35,117.375,0.125
6,10,9,38,117.375,0.125
4,1,35,31,117.5,0.25
5,2,106,63,117.5,0.25
6,10,9,69,117.5,0.25
6,10,9,44,117.5,0.25
6,10,9,35,117.5,0.125
6,10,9,38,117.5,0.125
6,10,9,35,117.625,0.125
6,10,9,38,117.625,0.125
4,1,35,34,117.75,0.25
5,2,106,56,117.75,0.5
6,10,9,55,117.75,0.25
6,10,9,39,117.75,0.25
6,10,9,46,117.75,0.25
6,10,9,35,117.75,0.125
6,10,9,38,117.75,0.125
6,10,9,69,117.75,0.25
6,10,9,35,117.875,0.125
6,10,9,38,117.875,0.125
6,10,9,35,118.0,0.125
6,10,9,69,118.0,0.25
6,10,9,35,118.125,0.125
5,2,106,58,118.25,0.25
6,10,9,69,118.25,0.25
6,10,9,35,118.25,0.125
6,10,9,39,118.25,0.25
5,2,106,62,118.5,0.25
6,10,9,39,118.5,0.125
6,10,9,69,118.5,0.25
6,10,9,38,118.5,0.125
5,2,106,65,118.75,0.25
6,10,9,69,118.75,0.25
6,10,9,39,118.75,0.25
5,2,106,68,119.0,0.25
6,10,9,35,119.0,0.125
6,10,9,69,119.0,0.25
6,10,9,35,119.125,0.125
5,2,106,70,119.25,0.25
6,10,9,69,119.25,0.25
6,10,9,35,119.25,0.125
6,10,9,39,119.25,0.25
5,2,106,74,119.5,0.25
6,10,9,39,119.5,0.125
6,10,9,69,119.5,0.25
6,10,9,38,119.5,0.125
5,2,106,78,119.75,0.5
6,10,9,69,119.75,0.25
6,10,9,35,119.75,0.125
6,10,9,39,119.75,0.25
7,4,48,78,119.75,0.5
4,1,35,34,120.0,0.25
4,1,35,41,120.25,0.25
5,2,106,77,120.25,0.25
6,10,9,35,120.25,0.125
7,4,48,77,120.25,0.25
4,1,35,34,120.5,0.25
5,2,106,77,120.5,0.25
6,10,9,35,120.5,0.125
7,4,48,77,120.5,0.25
4,1,35,39,120.75,0.5
5,2,106,75,120.75,0.5
6,10,9,35,120.75,0.125
7,4,48,75,120.75,0.5
