2,1,0,74,0.0,0.125
3,1,0,60,0.0,0.9
3,1,0,65,0.0,0.9
2,1,0,79,0.0677,0.125
2,1,0,76,0.25,0.225
2,1,0,74,0.5,0.225
2,1,0,79,0.75,0.1125
2,1,0,81,0.875,0.1125
2,1,0,79,1.0,0.225
3,1,0,62,1.0,0.9
3,1,0,67,1.0,0.9
2,1,0,76,1.25,0.225
2,1,0,74,1.5,0.225
2,1,0,83,1.75,0.225
2,1,0,84,2.0,0.45
3,1,0,64,2.0,0.225
3,1,0,71,2.25,0.225
2,1,0,83,2.5,0.225
3,1,0,76,2.5,0.45
2,1,0,79,2.75,0.1125
2,1,0,81,2.875,0.35
3,1,0,72,3.0,0.45
3,1,0,69,3.0,0.45
2,1,0,76,3.25,0.225
2,1,0,79,3.5,0.225
3,1,0,67,3.5,0.45
3,1,0,71,3.5,0.45
2,1,0,74,3.75,0.225
2,1,0,81,4.0,0.225
3,1,0,65,4.0,0.1125
3,1,0,72,4.125,0.8
2,1,0,76,4.25,0.475
2,1,0,79,4.75,0.1125
2,1,0,81,4.875,0.1125
2,1,0,79,5.0,0.225
3,1,0,67,5.0,0.1125
3,1,0,74,5.125,0.8
2,1,0,76,5.25,0.475
2,1,0,83,5.75,0.225
2,1,0,84,6.0,0.225
3,1,0,64,6.0,0.225
2,1,0,76,6.25,0.225
3,1,0,71,6.25,0.225
2,1,0,86,6.5,0.225
3,1,0,76,6.5,0.45
2,1,0,83,6.75,0.1125
2,1,0,84,6.875,0.35
3,1,0,60,7.0,0.45
3,1,0,69,7.0,0.45
2,1,0,81,7.25,0.225
2,1,0,83,7.5,0.225
3,1,0,59,7.5,0.45
3,1,0,67,7.5,0.45
2,1,0,79,7.75,0.225
2,1,0,81,8.0,0.225
3,1,0,53,8.0,0.1125
3,1,0,60,8.125,0.1125
2,1,0,76,8.25,0.225
3,1,0,67,8.25,0.7
2,1,0,74,8.5,0.225
2,1,0,79,8.75,0.1125
2,1,0,81,8.875,0.1125
2,1,0,79,9.0,0.225
3,1,0,55,9.0,0.1125
3,1,0,62,9.125,0.1125
2,1,0,76,9.25,0.225
3,1,0,67,9.25,0.7
2,1,0,74,9.5,0.225
2,1,0,83,9.75,0.225
2,1,0,84,10.0,0.45
3,1,0,52,10.0,0.225
3,1,0,59,10.25,0.225
2,1,0,83,10.5,0.225
3,1,0,67,10.5,0.225
2,1,0,79,10.75,0.1125
3,1,0,59,10.75,0.225
2,1,0,81,10.875,0.35
3,1,0,57,11.0,0.1125
3,1,0,64,11.125,0.1125
2,1,0,76,11.25,0.225
3,1,0,69,11.25,0.225
2,1,0,79,11.5,0.225
3,1,0,55,11.5,0.1125
3,1,0,62,11.625,0.1125
2,1,0,74,11.75,0.225
3,1,0,67,11.75,0.225
2,1,0,81,12.0,0.225
3,1,0,53,12.0,0.225
2,1,0,76,12.25,0.225
3,1,0,60,12.25,0.225
2,1,0,74,12.5,0.225
3,1,0,65,12.5,0.45
2,1,0,79,12.75,0.1125
2,1,0,81,12.875,0.1125
2,1,0,79,13.0,0.225
3,1,0,55,13.0,0.225
2,1,0,76,13.25,0.225
3,1,0,62,13.25,0.1125
3,1,0,67,13.375,0.2375
2,1,0,74,13.5,0.225
3,1,0,62,13.625,0.1125
2,1,0,79,13.75,0.1125
3,1,0,67,13.75,0.225
2,1,0,81,13.875,1.925
3,1,0,57,14.0,0.225
3,1,0,60,14.25,0.1125
3,1,0,64,14.375,0.2375
3,1,0,69,14.625,0.1125
3,1,0,72,14.75,0.1125
3,1,0,76,14.875,0.1125
3,1,0,81,15.0,0.9
2,1,0,69,17.0,0.5
2,1,0,72,17.5,0.5
2,1,0,69,17.8646,0.5
2,1,0,74,17.9323,0.5
3,1,0,38,18.0,0.225
3,1,0,45,18.25,0.225
3,1,0,50,18.5,0.45
2,1,0,71,19.0,1.0
3,1,0,40,19.0,0.225
3,1,0,47,19.25,0.225
3,1,0,55,19.5,0.45
2,1,0,67,20.0,0.75
3,1,0,40,20.0,0.225
3,1,0,47,20.25,0.225
3,1,0,52,20.5,0.45
2,1,0,69,20.75,0.25
2,1,0,69,21.0,0.5
3,1,0,41,21.0,0.225
3,1,0,48,21.25,0.225
2,1,0,69,21.5,0.25
3,1,0,57,21.5,0.45
2,1,0,72,21.75,0.25
2,1,0,74,22.0,0.5
2,1,0,69,22.0,0.45
3,1,0,38,22.0,1.0
3,1,0,45,22.25,0.225
2,1,0,74,22.5,0.25
3,1,0,50,22.5,0.225
2,1,0,76,22.75,0.25
3,1,0,45,22.75,0.225
2,1,0,79,23.0,0.25
2,1,0,76,23.0,0.225
3,1,0,40,23.0,1.0
2,1,0,76,23.25,0.25
3,1,0,47,23.25,0.225
2,1,0,74,23.5,0.25
3,1,0,55,23.5,0.45
2,1,0,76,23.75,0.25
2,1,0,81,24.0,0.45
2,1,0,77,24.0,0.45
3,1,0,41,24.0,1.0
3,1,0,48,24.25,0.225
2,1,0,88,24.5,0.45
3,1,0,53,24.5,0.225
3,1,0,57,24.75,0.225
2,1,0,83,25.0,0.45
3,1,0,55,25.0,1.0
3,1,0,59,25.25,0.225
2,1,0,81,25.5,0.25
3,1,0,62,25.5,0.45
2,1,0,84,25.75,0.25
2,1,0,86,26.0,1.0
2,1,0,81,26.0,0.9
3,1,0,41,26.0,1.0
3,1,0,48,26.25,0.225
3,1,0,53,26.5,0.45
2,1,0,83,27.0,1.0
2,1,0,79,27.0,0.9
3,1,0,43,27.0,1.0
3,1,0,50,27.25,0.225
3,1,0,59,27.5,0.45
2,1,0,79,28.0,0.75
2,1,0,76,28.0,0.675
3,1,0,40,28.0,1.0
3,1,0,47,28.25,0.225
3,1,0,52,28.5,0.45
2,1,0,81,28.75,0.25
2,1,0,81,29.0,0.5
2,1,0,77,29.0,0.45
3,1,0,41,29.0,1.0
3,1,0,48,29.25,0.225
2,1,0,81,29.5,0.25
3,1,0,57,29.5,0.45
2,1,0,84,29.75,0.25
2,1,0,86,30.0,0.5
2,1,0,81,30.0,0.45
3,1,0,38,30.0,1.0
3,1,0,45,30.25,0.225
2,1,0,86,30.5,0.25
2,1,0,81,30.5,0.225
3,1,0,50,30.5,0.225
2,1,0,88,30.75,0.25
3,1,0,45,30.75,0.225
2,1,0,91,31.0,0.25
2,1,0,88,31.0,0.225
3,1,0,40,31.0,1.0
2,1,0,86,31.25,0.25
3,1,0,47,31.25,0.225
2,1,0,88,31.375,0.1125
2,1,0,86,31.5,0.25
3,1,0,52,31.5,0.225
2,1,0,88,31.75,0.25
3,1,0,55,31.75,0.225
2,1,0,93,32.0,1.35
2,1,0,89,32.0,1.35
3,1,0,41,32.0,1.0
3,1,0,48,32.25,0.225
3,1,0,57,32.5,0.45
3,1,0,43,33.0,1.0
3,1,0,50,33.0,1.0
2,1,0,69,33.5,0.225
2,1,0,72,33.75,0.225
2,1,0,69,33.8646,0.5
2,1,0,74,33.9323,0.5
3,1,0,38,34.0,0.225
3,1,0,45,34.25,0.225
3,1,0,50,34.5,0.45
2,1,0,71,35.0,1.0
3,1,0,40,35.0,0.225
3,1,0,47,35.25,0.225
3,1,0,55,35.5,0.45
2,1,0,67,36.0,0.75
3,1,0,40,36.0,0.225
3,1,0,47,36.25,0.225
3,1,0,52,36.5,0.45
2,1,0,69,36.75,0.25
2,1,0,69,37.0,0.5
3,1,0,41,37.0,0.225
3,1,0,48,37.25,0.225
2,1,0,69,37.5,0.25
3,1,0,57,37.5,0.45
2,1,0,72,37.75,0.25
2,1,0,74,38.0,0.5
2,1,0,69,38.0,0.45
3,1,0,38,38.0,1.0
3,1,0,45,38.25,0.225
2,1,0,74,38.5,0.25
3,1,0,50,38.5,0.225
2,1,0,76,38.75,0.25
3,1,0,45,38.75,0.225
2,1,0,79,39.0,0.25
2,1,0,76,39.0,0.225
3,1,0,40,39.0,1.0
2,1,0,76,39.25,0.25
3,1,0,47,39.25,0.225
2,1,0,74,39.5,0.25
3,1,0,55,39.5,0.45
2,1,0,76,39.75,0.25
2,1,0,81,40.0,0.9
2,1,0,77,40.0,0.9
3,1,0,41,40.0,1.0
3,1,0,48,40.25,0.225
3,1,0,53,40.5,0.225
3,1,0,57,40.75,0.225
2,1,0,79,41.0,0.45
3,1,0,55,41.0,1.0
3,1,0,59,41.25,0.225
2,1,0,81,41.5,0.25
3,1,0,62,41.5,0.45
2,1,0,84,41.75,0.25
2,1,0,86,42.0,1.0
2,1,0,81,42.0,0.9
3,1,0,41,42.0,1.0
3,1,0,48,42.25,0.225
3,1,0,53,42.5,0.45
2,1,0,83,43.0,1.0
2,1,0,79,43.0,0.9
3,1,0,43,43.0,1.0
3,1,0,50,43.25,0.225
3,1,0,59,43.5,0.45
2,1,0,79,44.0,0.75
2,1,0,76,44.0,0.675
3,1,0,40,44.0,1.0
3,1,0,47,44.25,0.225
3,1,0,52,44.5,0.45
2,1,0,81,44.75,0.25
2,1,0,81,45.0,0.5
2,1,0,77,45.0,0.45
3,1,0,41,45.0,1.0
3,1,0,48,45.25,0.225
2,1,0,81,45.5,0.25
3,1,0,57,45.5,0.45
2,1,0,84,45.75,0.25
2,1,0,86,46.0,0.5
2,1,0,81,46.0,0.45
3,1,0,38,46.0,1.0
3,1,0,45,46.25,0.225
2,1,0,86,46.5,0.25
2,1,0,81,46.5,0.225
3,1,0,50,46.5,0.225
2,1,0,88,46.75,0.25
3,1,0,45,46.75,0.225
2,1,0,91,47.0,0.25
2,1,0,88,47.0,0.225
3,1,0,40,47.0,1.0
2,1,0,86,47.25,0.25
3,1,0,47,47.25,0.225
2,1,0,88,47.375,0.1125
2,1,0,86,47.5,0.25
3,1,0,52,47.5,0.225
2,1,0,88,47.75,0.25
3,1,0,55,47.75,0.225
2,1,0,93,48.0,0.9
2,1,0,89,48.0,0.9
3,1,0,41,48.0,1.0
3,1,0,48,48.25,0.225
3,1,0,53,48.5,0.225
3,1,0,57,48.75,0.225
2,1,0,93,49.0,0.45
3,1,0,55,49.0,1.0
3,1,0,59,49.25,0.225
2,1,0,91,49.5,0.45
3,1,0,62,49.5,0.225
3,1,0,67,49.75,0.225
3,1,0,57,49.8646,1.0
3,1,0,60,49.9094,1.0
3,1,0,64,49.9552,1.0
2,1,0,93,50.0,1.8
2,1,0,81,52.0,0.25
3,1,0,57,52.0,1.8
3,1,0,52,52.0,1.8
2,1,0,76,52.25,0.25
2,1,0,79,52.5,0.25
2,1,0,74,52.75,0.25
2,1,0,76,53.0,0.25
2,1,0,72,53.25,0.25
2,1,0,74,53.5,0.25
2,1,0,69,53.75,0.25
2,1,0,81,54.0,0.25
3,1,0,55,54.0,1.8
3,1,0,50,54.0,1.8
2,1,0,76,54.25,0.25
2,1,0,79,54.5,0.25
2,1,0,74,54.75,0.25
2,1,0,76,55.0,0.25
2,1,0,72,55.25,0.25
2,1,0,74,55.5,0.25
2,1,0,69,55.75,0.25
2,1,0,81,56.0,0.25
3,1,0,53,56.0,1.8
3,1,0,48,56.0,1.8
2,1,0,76,56.25,0.25
2,1,0,79,56.5,0.25
2,1,0,74,56.75,0.25
2,1,0,76,57.0,0.25
2,1,0,69,57.25,0.25
2,1,0,83,57.5,0.25
2,1,0,84,57.75,0.5
3,1,0,53,58.0,0.9
3,1,0,48,58.0,0.9
2,1,0,76,58.25,0.25
2,1,0,83,58.5,0.25
2,1,0,74,58.75,0.25
2,1,0,81,59.0,0.25
3,1,0,53,59.0,0.45
3,1,0,48,59.0,0.45
2,1,0,72,59.25,0.25
2,1,0,79,59.5,0.25
3,1,0,55,59.5,0.45
3,1,0,50,59.5,0.45
2,1,0,71,59.75,0.25
2,1,0,81,60.0,0.25
3,1,0,45,60.0,0.225
2,1,0,76,60.25,0.25
3,1,0,52,60.25,0.225
2,1,0,79,60.5,0.25
3,1,0,57,60.5,1.35
2,1,0,74,60.75,0.25
2,1,0,76,61.0,0.25
2,1,0,72,61.25,0.25
2,1,0,74,61.5,0.25
2,1,0,69,61.75,0.25
2,1,0,81,62.0,0.25
3,1,0,43,62.0,0.225
2,1,0,76,62.25,0.25
3,1,0,50,62.25,0.225
2,1,0,79,62.5,0.25
3,1,0,55,62.5,1.35
2,1,0,74,62.75,0.25
2,1,0,76,63.0,0.25
2,1,0,72,63.25,0.25
2,1,0,74,63.5,0.25
2,1,0,69,63.75,0.25
2,1,0,81,64.0,0.25
3,1,0,42,64.0,0.225
2,1,0,76,64.25,0.25
3,1,0,50,64.25,0.225
2,1,0,79,64.5,0.25
3,1,0,54,64.5,1.35
2,1,0,74,64.75,0.25
2,1,0,76,65.0,0.25
2,1,0,69,65.25,0.25
2,1,0,83,65.5,0.25
2,1,0,84,65.75,0.5
3,1,0,41,66.0,0.225
2,1,0,76,66.25,0.25
3,1,0,48,66.25,0.225
2,1,0,86,66.5,0.25
3,1,0,53,66.5,0.225
2,1,0,83,66.75,0.25
3,1,0,57,66.75,0.7
2,1,0,84,67.0,0.25
2,1,0,76,67.25,0.25
2,1,0,83,67.5,0.25
3,1,0,55,67.5,0.45
2,1,0,74,67.75,0.25
2,1,0,81,68.0,0.25
2,1,0,76,68.0,0.225
3,1,0,45,68.0,0.225
2,1,0,76,68.25,0.25
3,1,0,48,68.25,0.225
2,1,0,79,68.5,0.25
3,1,0,52,68.5,0.225
2,1,0,74,68.75,0.25
3,1,0,57,68.75,0.225
2,1,0,76,69.0,0.25
3,1,0,60,69.0,0.225
2,1,0,72,69.25,0.25
3,1,0,64,69.25,0.225
2,1,0,74,69.5,0.25
3,1,0,69,69.5,0.45
2,1,0,69,69.75,0.25
2,1,0,81,70.0,0.25
2,1,0,76,70.0,0.225
3,1,0,43,70.0,0.225
2,1,0,76,70.25,0.25
3,1,0,47,70.25,0.225
2,1,0,79,70.5,0.25
3,1,0,50,70.5,0.225
2,1,0,74,70.75,0.25
3,1,0,55,70.75,0.225
2,1,0,76,71.0,0.25
3,1,0,59,71.0,0.225
2,1,0,72,71.25,0.25
3,1,0,62,71.25,0.225
2,1,0,74,71.5,0.25
3,1,0,67,71.5,0.45
2,1,0,69,71.75,0.25
2,1,0,81,72.0,0.25
2,1,0,76,72.0,0.225
3,1,0,41,72.0,0.225
2,1,0,76,72.25,0.25
3,1,0,45,72.25,0.225
2,1,0,79,72.5,0.25
3,1,0,48,72.5,0.225
2,1,0,74,72.75,0.25
3,1,0,53,72.75,0.225
2,1,0,76,73.0,0.25
3,1,0,57,73.0,0.225
2,1,0,69,73.25,0.25
3,1,0,60,73.25,0.225
2,1,0,83,73.5,0.25
2,1,0,79,73.5,0.225
3,1,0,65,73.5,0.45
2,1,0,84,73.75,0.5
3,1,0,41,74.0,0.225
2,1,0,76,74.25,0.25
3,1,0,45,74.25,0.225
2,1,0,83,74.5,0.25
3,1,0,48,74.5,0.225
2,1,0,74,74.75,0.25
3,1,0,53,74.75,0.225
2,1,0,81,75.0,0.25
3,1,0,57,75.0,0.225
2,1,0,72,75.25,0.25
3,1,0,60,75.25,0.225
2,1,0,79,75.5,0.25
3,1,0,65,75.5,0.45
2,1,0,71,75.75,0.25
2,1,0,81,76.0,0.25
2,1,0,76,76.0,0.225
3,1,0,45,76.0,0.225
2,1,0,76,76.25,0.25
3,1,0,48,76.25,0.225
2,1,0,79,76.5,0.25
3,1,0,52,76.5,0.225
2,1,0,74,76.75,0.25
3,1,0,57,76.75,0.225
2,1,0,76,77.0,0.25
3,1,0,60,77.0,0.225
2,1,0,72,77.25,0.25
3,1,0,64,77.25,0.225
2,1,0,74,77.5,0.25
3,1,0,69,77.5,0.225
2,1,0,69,77.75,0.25
3,1,0,64,77.75,0.225
2,1,0,81,78.0,0.25
2,1,0,76,78.0,0.225
3,1,0,43,78.0,0.225
2,1,0,76,78.25,0.25
3,1,0,47,78.25,0.225
2,1,0,79,78.5,0.25
3,1,0,50,78.5,0.225
2,1,0,74,78.75,0.25
3,1,0,55,78.75,0.225
2,1,0,76,79.0,0.25
3,1,0,59,79.0,0.225
2,1,0,72,79.25,0.25
3,1,0,62,79.25,0.225
2,1,0,74,79.5,0.25
3,1,0,67,79.5,0.225
2,1,0,69,79.75,0.25
3,1,0,62,79.75,0.225
2,1,0,81,80.0,0.25
2,1,0,76,80.0,0.225
3,1,0,42,80.0,0.225
2,1,0,76,80.25,0.25
3,1,0,45,80.25,0.225
2,1,0,79,80.5,0.25
3,1,0,50,80.5,0.225
2,1,0,74,80.75,0.25
3,1,0,54,80.75,0.225
2,1,0,76,81.0,0.25
3,1,0,57,81.0,0.225
2,1,0,69,81.25,0.25
3,1,0,62,81.25,0.225
2,1,0,81,81.5,0.25
3,1,0,66,81.5,0.225
2,1,0,86,81.75,0.25
3,1,0,69,81.75,0.225
2,1,0,81,81.8646,0.5
2,1,0,84,81.9094,0.5
3,1,0,45,81.9094,0.5
2,1,0,88,81.9552,0.5
3,1,0,48,81.9552,0.5
3,1,0,52,82.0,0.5
3,1,0,40,83.0,0.0281
3,1,0,41,83.0312,0.0281
3,1,0,43,83.0625,0.0281
3,1,0,45,83.0938,0.0281
3,1,0,47,83.125,0.0281
3,1,0,48,83.1562,0.0281
3,1,0,50,83.1875,0.0281
3,1,0,52,83.2188,0.0281
3,1,0,53,83.25,0.0281
3,1,0,55,83.2812,0.0281
3,1,0,57,83.3125,0.0281
3,1,0,59,83.3438,0.0281
3,1,0,60,83.375,0.0281
3,1,0,62,83.4062,0.0281
3,1,0,64,83.4375,0.0281
3,1,0,65,83.4688,0.0281
3,1,0,67,83.5,0.0281
3,1,0,69,83.5312,0.0281
3,1,0,71,83.5625,0.0281
3,1,0,72,83.5938,0.0281
3,1,0,74,83.625,0.0281
3,1,0,76,83.6562,0.0281
3,1,0,77,83.6875,0.0281
3,1,0,79,83.7188,0.0281
3,1,0,81,83.75,0.0281
3,1,0,83,83.7812,0.0281
3,1,0,84,83.8125,0.0281
3,1,0,86,83.8438,0.0281
3,1,0,88,83.875,0.0281
3,1,0,89,83.9062,0.0281
3,1,0,91,83.9375,0.0281
3,1,0,93,83.9688,0.0281
2,1,0,76,84.0,0.5
3,1,0,41,84.0,0.9
3,1,0,48,84.0,1.0
3,1,0,53,84.0,1.0
2,1,0,69,84.5,0.5
2,1,0,76,85.0,0.5
3,1,0,55,85.0,1.0
3,1,0,50,85.0,1.0
3,1,0,43,85.0,0.9
2,1,0,69,85.5,0.5
2,1,0,69,86.0,0.25
3,1,0,57,86.0,1.35
3,1,0,52,86.0,1.35
3,1,0,45,86.0,1.35
2,1,0,74,86.25,0.25
2,1,0,76,86.5,0.25
2,1,0,79,86.75,0.25
2,1,0,76,87.0,0.25
2,1,0,74,87.25,0.25
2,1,0,69,87.5,0.5
3,1,0,55,87.5,1.0
3,1,0,43,87.5,0.9
2,1,0,76,88.0,0.5
3,1,0,41,88.0,0.9
3,1,0,48,88.0,1.0
3,1,0,53,88.0,1.0
2,1,0,69,88.5,0.5
2,1,0,76,89.0,0.5
3,1,0,55,89.0,1.0
3,1,0,50,89.0,1.0
3,1,0,43,89.0,0.9
2,1,0,69,89.5,0.25
2,1,0,79,89.75,0.25
2,1,0,81,90.0,0.25
3,1,0,57,90.0,1.35
3,1,0,52,90.0,1.35
3,1,0,45,90.0,1.35
2,1,0,76,90.25,0.25
2,1,0,79,90.5,0.25
2,1,0,74,90.75,0.25
2,1,0,76,91.0,0.25
2,1,0,71,91.25,0.25
2,1,0,72,91.5,0.125
3,1,0,55,91.5,1.0
3,1,0,43,91.5,0.9
2,1,0,64,91.75,0.25
2,1,0,76,92.0,0.5
3,1,0,41,92.0,0.9
3,1,0,48,92.0,1.0
3,1,0,53,92.0,1.0
2,1,0,69,92.5,0.5
2,1,0,76,93.0,0.5
3,1,0,55,93.0,1.0
3,1,0,50,93.0,1.0
3,1,0,43,93.0,0.9
2,1,0,69,93.5,0.5
2,1,0,69,94.0,0.25
3,1,0,57,94.0,1.35
3,1,0,52,94.0,1.35
3,1,0,45,94.0,1.35
2,1,0,74,94.25,0.25
2,1,0,76,94.5,0.25
2,1,0,79,94.75,0.25
2,1,0,76,95.0,0.25
2,1,0,74,95.25,0.25
2,1,0,69,95.5,0.5
3,1,0,55,95.5,1.0
3,1,0,43,95.5,0.9
2,1,0,76,96.0,0.5
3,1,0,41,96.0,0.9
3,1,0,48,96.0,1.0
3,1,0,53,96.0,1.0
2,1,0,69,96.5,0.5
2,1,0,76,97.0,0.5
3,1,0,55,97.0,1.0
3,1,0,50,97.0,1.0
3,1,0,43,97.0,0.9
2,1,0,69,97.5,0.25
2,1,0,79,97.75,0.25
2,1,0,81,98.0,2.0
2,1,0,76,98.0,1.8
3,1,0,57,98.0,0.9
3,1,0,52,98.0,0.9
3,1,0,45,98.0,0.9
3,1,0,57,99.0,1.0
3,1,0,52,99.0,0.45
3,1,0,45,99.0,0.9
3,1,0,55,99.5,1.0
3,1,0,43,99.5,0.9
2,1,0,76,100.0,0.5
2,1,0,72,100.0,0.45
3,1,0,41,100.0,0.225
3,1,0,48,100.25,0.225
2,1,0,69,100.5,0.5
3,1,0,53,100.5,0.45
2,1,0,76,101.0,0.5
2,1,0,74,101.0,0.45
3,1,0,43,101.0,0.225
3,1,0,50,101.25,0.225
2,1,0,69,101.5,0.5
3,1,0,55,101.5,0.45
2,1,0,69,102.0,0.25
3,1,0,45,102.0,0.225
2,1,0,74,102.25,0.25
3,1,0,48,102.25,0.225
2,1,0,76,102.5,0.25
3,1,0,52,102.5,0.225
2,1,0,79,102.75,0.25
2,1,0,76,102.75,0.225
3,1,0,57,102.75,0.225
2,1,0,76,103.0,0.25
3,1,0,60,103.0,0.225
2,1,0,74,103.25,0.25
3,1,0,64,103.25,0.225
2,1,0,69,103.5,0.5
2,1,0,76,104.0,0.5
2,1,0,72,104.0,0.45
3,1,0,41,104.0,0.225
3,1,0,48,104.25,0.225
2,1,0,69,104.5,0.5
3,1,0,53,104.5,0.45
2,1,0,76,105.0,0.5
2,1,0,74,105.0,0.45
3,1,0,43,105.0,0.225
3,1,0,50,105.25,0.225
2,1,0,69,105.5,0.25
3,1,0,55,105.5,0.45
2,1,0,79,105.75,0.25
2,1,0,81,106.0,0.25
2,1,0,76,106.0,0.225
3,1,0,45,106.0,0.225
2,1,0,76,106.25,0.25
3,1,0,48,106.25,0.225
2,1,0,79,106.5,0.25
3,1,0,52,106.5,0.225
2,1,0,74,106.75,0.25
3,1,0,57,106.75,0.225
2,1,0,76,107.0,0.25
3,1,0,55,107.0,0.225
2,1,0,71,107.25,0.25
3,1,0,59,107.25,0.225
2,1,0,72,107.5,0.125
3,1,0,62,107.5,0.45
2,1,0,64,107.75,0.25
2,1,0,76,108.0,0.5
2,1,0,72,108.0,0.45
3,1,0,41,108.0,0.225
3,1,0,48,108.25,0.225
2,1,0,69,108.5,0.5
3,1,0,53,108.5,0.45
2,1,0,76,109.0,0.5
2,1,0,74,109.0,0.45
3,1,0,43,109.0,0.225
3,1,0,50,109.25,0.225
2,1,0,69,109.5,0.5
3,1,0,55,109.5,0.45
2,1,0,69,110.0,0.25
3,1,0,45,110.0,0.225
2,1,0,74,110.25,0.25
3,1,0,48,110.25,0.225
2,1,0,76,110.5,0.25
3,1,0,52,110.5,0.225
2,1,0,79,110.75,0.25
2,1,0,76,110.75,0.225
3,1,0,57,110.75,0.225
2,1,0,76,111.0,0.25
3,1,0,60,111.0,0.225
2,1,0,74,111.25,0.25
3,1,0,64,111.25,0.225
2,1,0,69,111.5,0.5
2,1,0,76,112.0,0.5
2,1,0,72,112.0,0.45
3,1,0,41,112.0,0.225
3,1,0,48,112.25,0.225
2,1,0,69,112.5,0.5
3,1,0,53,112.5,0.45
2,1,0,76,113.0,0.5
2,1,0,74,113.0,0.45
3,1,0,43,113.0,0.225
3,1,0,50,113.25,0.225
2,1,0,69,113.5,0.25
3,1,0,55,113.5,0.45
2,1,0,79,113.75,0.25
2,1,0,81,114.0,0.25
2,1,0,76,114.0,1.8
3,1,0,45,114.0,0.225
3,1,0,48,114.25,0.225
3,1,0,52,114.5,0.225
3,1,0,57,114.75,0.225
3,1,0,60,115.0,0.225
3,1,0,64,115.25,0.225
3,1,0,69,115.5,0.45
2,1,0,81,116.0,0.5
2,1,0,76,116.0,0.45
3,1,0,45,116.0,0.225
3,1,0,48,116.25,0.225
2,1,0,76,116.5,0.5
3,1,0,52,116.5,0.225
3,1,0,57,116.75,0.225
2,1,0,81,117.0,0.5
2,1,0,76,117.0,0.45
3,1,0,55,117.0,0.225
3,1,0,59,117.25,0.225
2,1,0,76,117.5,0.5
3,1,0,62,117.5,0.225
3,1,0,67,117.75,0.225
2,1,0,76,118.0,0.25
3,1,0,41,118.0,0.225
2,1,0,83,118.25,0.25
3,1,0,45,118.25,0.225
2,1,0,84,118.5,0.25
3,1,0,48,118.5,0.225
2,1,0,86,118.75,0.25
3,1,0,53,118.75,0.225
2,1,0,84,119.0,0.25
3,1,0,55,119.0,0.225
2,1,0,83,119.25,0.25
3,1,0,59,119.25,0.225
2,1,0,79,119.5,0.5
3,1,0,62,119.5,0.225
3,1,0,67,119.75,0.225
2,1,0,81,120.0,0.5
2,1,0,76,120.0,0.45
3,1,0,41,120.0,0.225
3,1,0,45,120.25,0.225
2,1,0,76,120.5,0.5
3,1,0,48,120.5,0.225
3,1,0,53,120.75,0.225
2,1,0,81,121.0,0.5
2,1,0,76,121.0,0.45
3,1,0,55,121.0,0.225
3,1,0,59,121.25,0.225
2,1,0,76,121.5,0.25
3,1,0,62,121.5,0.225
2,1,0,83,121.75,0.25
3,1,0,67,121.75,0.225
2,1,0,84,122.0,0.25
2,1,0,81,122.0,0.225
3,1,0,45,122.0,0.225
2,1,0,76,122.25,0.25
3,1,0,48,122.25,0.225
2,1,0,83,122.5,0.25
3,1,0,52,122.5,0.225
2,1,0,76,122.75,0.25
3,1,0,57,122.75,0.225
2,1,0,81,123.0,0.25
3,1,0,55,123.0,0.225
2,1,0,76,123.25,0.25
3,1,0,59,123.25,0.225
2,1,0,79,123.5,0.125
3,1,0,62,123.5,0.225
2,1,0,76,123.75,0.25
3,1,0,67,123.75,0.225
2,1,0,81,124.0,0.5
2,1,0,76,124.0,0.45
3,1,0,41,124.0,0.225
3,1,0,45,124.25,0.225
2,1,0,76,124.5,0.5
3,1,0,48,124.5,0.225
3,1,0,53,124.75,0.225
2,1,0,81,125.0,0.5
2,1,0,76,125.0,0.45
3,1,0,55,125.0,0.225
3,1,0,59,125.25,0.225
2,1,0,76,125.5,0.5
3,1,0,62,125.5,0.225
3,1,0,67,125.75,0.225
2,1,0,76,126.0,0.25
3,1,0,45,126.0,0.225
2,1,0,83,126.25,0.25
3,1,0,48,126.25,0.225
2,1,0,84,126.5,0.25
3,1,0,52,126.5,0.225
2,1,0,86,126.75,0.25
3,1,0,57,126.75,0.225
2,1,0,84,127.0,0.25
3,1,0,55,127.0,0.225
2,1,0,83,127.25,0.25
3,1,0,59,127.25,0.225
2,1,0,79,127.5,0.5
3,1,0,62,127.5,0.225
3,1,0,67,127.75,0.225
2,1,0,81,128.0,0.5
2,1,0,76,128.0,0.45
3,1,0,41,128.0,0.225
3,1,0,45,128.25,0.225
2,1,0,76,128.5,0.5
3,1,0,48,128.5,0.225
3,1,0,53,128.75,0.225
2,1,0,81,129.0,0.5
2,1,0,76,129.0,0.45
3,1,0,55,129.0,0.225
3,1,0,59,129.25,0.225
2,1,0,76,129.5,0.25
3,1,0,62,129.5,0.225
2,1,0,79,129.75,0.25
3,1,0,67,129.75,0.225
2,1,0,81,130.0,2.0
2,1,0,76,130.0,1.8
3,1,0,45,130.0,0.225
3,1,0,48,130.25,0.225
3,1,0,52,130.5,0.225
3,1,0,57,130.75,0.225
3,1,0,60,131.0,0.225
3,1,0,64,131.25,0.225
3,1,0,69,131.5,0.225
3,1,0,72,131.75,0.225
2,1,0,81,132.0,0.5
2,1,0,72,132.0,0.45
2,1,0,69,132.0,0.45
3,1,0,45,132.0,0.225
3,1,0,48,132.25,0.225
2,1,0,76,132.5,0.5
2,1,0,72,132.5,0.45
2,1,0,69,132.5,0.45
3,1,0,52,132.5,0.225
3,1,0,57,132.75,0.225
2,1,0,81,133.0,0.5
2,1,0,72,133.0,0.45
2,1,0,69,133.0,0.45
3,1,0,55,133.0,0.225
3,1,0,59,133.25,0.225
2,1,0,76,133.5,0.5
2,1,0,72,133.5,0.45
2,1,0,69,133.5,0.45
3,1,0,62,133.5,0.225
3,1,0,67,133.75,0.225
2,1,0,76,134.0,0.25
2,1,0,72,134.0,0.225
2,1,0,69,134.0,0.225
3,1,0,41,134.0,0.225
2,1,0,83,134.25,0.25
3,1,0,45,134.25,0.225
2,1,0,84,134.5,0.25
3,1,0,48,134.5,0.225
2,1,0,86,134.75,0.25
3,1,0,53,134.75,0.225
2,1,0,84,135.0,0.25
2,1,0,81,135.0,0.225
3,1,0,55,135.0,0.225
2,1,0,83,135.25,0.25
3,1,0,59,135.25,0.225
2,1,0,79,135.5,0.5
2,1,0,74,135.5,0.45
3,1,0,62,135.5,0.225
3,1,0,67,135.75,0.225
2,1,0,81,136.0,0.5
2,1,0,72,136.0,0.45
2,1,0,69,136.0,0.45
3,1,0,41,136.0,0.225
3,1,0,45,136.25,0.225
2,1,0,76,136.5,0.5
2,1,0,72,136.5,0.45
2,1,0,69,136.5,0.45
3,1,0,48,136.5,0.225
3,1,0,53,136.75,0.225
2,1,0,81,137.0,0.5
2,1,0,72,137.0,0.45
2,1,0,69,137.0,0.45
3,1,0,55,137.0,0.225
3,1,0,59,137.25,0.225
2,1,0,76,137.5,0.25
2,1,0,72,137.5,0.225
2,1,0,69,137.5,0.225
3,1,0,62,137.5,0.225
2,1,0,83,137.75,0.25
3,1,0,67,137.75,0.225
2,1,0,84,138.0,0.25
2,1,0,81,138.0,0.225
2,1,0,76,138.0,0.225
3,1,0,45,138.0,0.225
2,1,0,76,138.25,0.25
3,1,0,48,138.25,0.225
2,1,0,83,138.5,0.25
3,1,0,52,138.5,0.225
2,1,0,76,138.75,0.25
3,1,0,57,138.75,0.225
2,1,0,81,139.0,0.25
3,1,0,55,139.0,0.225
2,1,0,76,139.25,0.25
3,1,0,59,139.25,0.225
2,1,0,79,139.5,0.125
3,1,0,62,139.5,0.225
2,1,0,76,139.75,0.25
3,1,0,67,139.75,0.225
2,1,0,81,140.0,0.5
2,1,0,72,140.0,0.45
2,1,0,69,140.0,0.45
3,1,0,41,140.0,0.225
3,1,0,45,140.25,0.225
2,1,0,76,140.5,0.5
2,1,0,72,140.5,0.45
2,1,0,69,140.5,0.45
3,1,0,48,140.5,0.225
3,1,0,53,140.75,0.225
2,1,0,81,141.0,0.5
2,1,0,72,141.0,0.45
2,1,0,69,141.0,0.45
3,1,0,55,141.0,0.225
3,1,0,59,141.25,0.225
2,1,0,76,141.5,0.5
2,1,0,72,141.5,0.45
2,1,0,69,141.5,0.45
3,1,0,62,141.5,0.225
3,1,0,67,141.75,0.225
2,1,0,76,142.0,0.25
2,1,0,72,142.0,0.225
2,1,0,69,142.0,0.225
3,1,0,45,142.0,0.225
2,1,0,83,142.25,0.25
3,1,0,48,142.25,0.225
2,1,0,84,142.5,0.25
3,1,0,52,142.5,0.225
2,1,0,86,142.75,0.25
3,1,0,57,142.75,0.225
2,1,0,84,143.0,0.25
2,1,0,81,143.0,0.225
3,1,0,55,143.0,0.225
2,1,0,83,143.25,0.25
3,1,0,59,143.25,0.225
2,1,0,79,143.5,0.5
2,1,0,74,143.5,0.45
3,1,0,62,143.5,0.225
3,1,0,67,143.75,0.225
2,1,0,81,144.0,0.5
2,1,0,72,144.0,0.45
2,1,0,69,144.0,0.45
3,1,0,41,144.0,0.225
3,1,0,45,144.25,0.225
2,1,0,76,144.5,0.5
2,1,0,72,144.5,0.45
2,1,0,69,144.5,0.45
3,1,0,48,144.5,0.225
3,1,0,53,144.75,0.225
2,1,0,81,145.0,0.5
2,1,0,72,145.0,0.45
2,1,0,69,145.0,0.45
3,1,0,55,145.0,0.225
3,1,0,59,145.25,0.225
2,1,0,76,145.5,0.25
2,1,0,72,145.5,0.225
2,1,0,69,145.5,0.225
3,1,0,62,145.5,0.225
2,1,0,79,145.75,0.25
3,1,0,67,145.75,0.225
2,1,0,69,145.8646,1.0
2,1,0,76,145.9094,1.0
2,1,0,81,145.9552,1.0
3,1,0,45,146.0,0.225
3,1,0,48,146.25,0.225
3,1,0,52,146.5,0.225
3,1,0,57,146.75,0.225
3,1,0,60,147.0,0.225
3,1,0,64,147.25,0.225
3,1,0,69,147.5,0.225
3,1,0,72,147.75,0.225
2,1,0,81,148.0,0.1125
3,1,0,60,148.0,0.9
3,1,0,65,148.0,0.9
2,1,0,88,148.125,0.1125
2,1,0,86,148.25,0.1125
2,1,0,88,148.375,0.1125
2,1,0,93,148.5,0.1125
2,1,0,88,148.625,0.1125
2,1,0,86,148.75,0.1125
2,1,0,88,148.875,0.1125
2,1,0,81,149.0,0.1125
3,1,0,67,149.0,0.9
3,1,0,62,149.0,0.9
2,1,0,88,149.125,0.1125
2,1,0,86,149.25,0.1125
2,1,0,88,149.375,0.1125
2,1,0,93,149.5,0.1125
2,1,0,88,149.625,0.1125
2,1,0,86,149.75,0.1125
2,1,0,88,149.875,0.1125
2,1,0,81,150.0,0.1125
3,1,0,64,150.0,0.225
2,1,0,88,150.125,0.1125
2,1,0,86,150.25,0.1125
3,1,0,71,150.25,0.225
2,1,0,88,150.375,0.1125
2,1,0,93,150.5,0.1125
3,1,0,76,150.5,0.45
2,1,0,88,150.625,0.1125
2,1,0,86,150.75,0.1125
2,1,0,88,150.875,0.1125
2,1,0,81,151.0,0.1125
3,1,0,72,151.0,0.45
3,1,0,69,151.0,0.45
2,1,0,88,151.125,0.1125
2,1,0,86,151.25,0.1125
2,1,0,88,151.375,0.1125
2,1,0,93,151.5,0.1125
3,1,0,71,151.5,0.45
3,1,0,67,151.5,0.45
2,1,0,88,151.625,0.1125
2,1,0,86,151.75,0.1125
2,1,0,88,151.875,0.1125
2,1,0,81,152.0,0.1125
3,1,0,65,152.0,0.1125
2,1,0,88,152.125,0.1125
3,1,0,72,152.125,0.1125
2,1,0,86,152.25,0.1125
3,1,0,76,152.25,0.675
2,1,0,88,152.375,0.1125
2,1,0,93,152.5,0.1125
2,1,0,88,152.625,0.1125
2,1,0,86,152.75,0.1125
2,1,0,88,152.875,0.1125
2,1,0,81,153.0,0.1125
3,1,0,67,153.0,0.1125
2,1,0,88,153.125,0.1125
3,1,0,74,153.125,0.1125
2,1,0,86,153.25,0.1125
3,1,0,76,153.25,0.675
2,1,0,88,153.375,0.1125
2,1,0,93,153.5,0.1125
2,1,0,88,153.625,0.1125
2,1,0,86,153.75,0.1125
2,1,0,88,153.875,0.1125
2,1,0,81,154.0,0.1125
3,1,0,64,154.0,0.225
2,1,0,88,154.125,0.1125
2,1,0,86,154.25,0.1125
3,1,0,71,154.25,0.225
2,1,0,88,154.375,0.1125
2,1,0,93,154.5,0.1125
3,1,0,76,154.5,0.225
2,1,0,88,154.625,0.1125
2,1,0,86,154.75,0.1125
3,1,0,79,154.75,0.225
2,1,0,88,154.875,0.1125
2,1,0,93,155.0,0.1125
3,1,0,69,155.0,0.45
3,1,0,60,155.0,0.45
2,1,0,88,155.125,0.1125
2,1,0,91,155.25,0.1125
2,1,0,86,155.375,0.1125
2,1,0,88,155.5,0.1125
3,1,0,67,155.5,0.45
3,1,0,59,155.5,0.45
2,1,0,84,155.625,0.1125
2,1,0,86,155.75,0.1125
2,1,0,83,155.875,0.1125
2,1,0,81,156.0,0.1125
3,1,0,53,156.0,0.1125
2,1,0,88,156.125,0.1125
3,1,0,60,156.125,0.1125
2,1,0,86,156.25,0.1125
3,1,0,67,156.25,0.7
2,1,0,88,156.375,0.1125
2,1,0,93,156.5,0.1125
2,1,0,88,156.625,0.1125
2,1,0,86,156.75,0.1125
2,1,0,88,156.875,0.1125
2,1,0,81,157.0,0.1125
3,1,0,55,157.0,0.1125
2,1,0,88,157.125,0.1125
3,1,0,62,157.125,0.1125
2,1,0,86,157.25,0.1125
3,1,0,67,157.25,0.7
2,1,0,88,157.375,0.1125
2,1,0,93,157.5,0.1125
2,1,0,88,157.625,0.1125
2,1,0,86,157.75,0.1125
2,1,0,88,157.875,0.1125
2,1,0,81,158.0,0.1125
3,1,0,52,158.0,0.225
2,1,0,88,158.125,0.1125
2,1,0,86,158.25,0.1125
3,1,0,59,158.25,0.225
2,1,0,88,158.375,0.1125
2,1,0,93,158.5,0.1125
3,1,0,67,158.5,0.225
2,1,0,88,158.625,0.1125
2,1,0,86,158.75,0.1125
3,1,0,59,158.75,0.225
2,1,0,88,158.875,0.1125
2,1,0,81,159.0,0.1125
3,1,0,57,159.0,0.1125
2,1,0,88,159.125,0.1125
3,1,0,64,159.125,0.1125
2,1,0,86,159.25,0.1125
3,1,0,69,159.25,0.225
2,1,0,88,159.375,0.1125
2,1,0,93,159.5,0.1125
3,1,0,55,159.5,0.1125
2,1,0,88,159.625,0.1125
3,1,0,62,159.625,0.1125
2,1,0,86,159.75,0.1125
3,1,0,67,159.75,0.225
2,1,0,88,159.875,0.1125
2,1,0,81,160.0,0.1125
3,1,0,53,160.0,0.225
2,1,0,88,160.125,0.1125
2,1,0,86,160.25,0.1125
3,1,0,60,160.25,0.225
2,1,0,88,160.375,0.1125
2,1,0,93,160.5,0.1125
3,1,0,65,160.5,0.45
2,1,0,88,160.625,0.1125
2,1,0,86,160.75,0.1125
2,1,0,88,160.875,0.1125
2,1,0,81,161.0,0.1125
3,1,0,55,161.0,0.225
2,1,0,88,161.125,0.1125
2,1,0,86,161.25,0.1125
3,1,0,62,161.25,0.1125
2,1,0,88,161.375,0.1125
3,1,0,67,161.375,0.2375
2,1,0,93,161.5,0.1125
2,1,0,88,161.625,0.1125
3,1,0,62,161.625,0.1125
2,1,0,86,161.75,0.1125
3,1,0,67,161.75,0.225
2,1,0,88,161.875,0.1125
2,1,0,81,162.0,0.1125
3,1,0,57,162.0,0.225
2,1,0,88,162.125,0.1125
2,1,0,86,162.25,0.1125
3,1,0,60,162.25,0.1125
2,1,0,88,162.375,0.1125
3,1,0,64,162.375,0.2375
2,1,0,93,162.5,0.1125
2,1,0,88,162.625,0.1125
3,1,0,69,162.625,0.1125
2,1,0,86,162.75,0.1125
3,1,0,72,162.75,0.1125
2,1,0,88,162.875,0.1125
3,1,0,76,162.875,0.1125
2,1,0,93,163.0,0.9
